DATE,PREV_CLOSE,OPEN_PRICE,HIGH_PRICE,LOW_PRICE,LAST_PRICE,CLOSE_PRICE,AVG_PRICE,TTL_TRD_QNTY,NO_OF_TRADES,DELIV_QTY,DELIV_PER
02-Aug-2016,6320.25,6378.95,6430.00,6110.00,6110.00,6162.75,6225.21,8518,1623,6912,81.15
03-Aug-2016,6162.75,6220.00,6290.00,6100.10,6160.00,6156.00,6183.20,11773,1812,7756,65.88
04-Aug-2016,6156.00,6227.00,6227.00,6050.00,6170.00,6191.40,6167.01,5654,1031,3695,65.35
05-Aug-2016,6191.40,6191.00,6228.95,6120.00,6150.00,6149.20,6155.87,4512,974,3268,72.43
08-Aug-2016,6149.20,6349.00,6349.00,6161.20,6205.00,6213.50,6255.01,6606,1564,4396,66.55
09-Aug-2016,6213.50,6213.50,6324.00,6182.00,6309.50,6300.35,6262.84,25732,1225,23628,91.82
10-Aug-2016,6300.35,6300.00,6350.00,6177.00,6177.00,6207.50,6273.59,5377,876,4502,83.73
11-Aug-2016,6207.50,6207.05,6259.80,6106.00,6250.00,6236.50,6204.34,2839,769,1911,67.31
12-Aug-2016,6236.50,6234.85,6252.00,6180.15,6250.00,6213.35,6235.30,2699,509,2150,79.66
16-Aug-2016,6213.35,6255.80,6262.00,6149.95,6170.00,6243.30,6230.27,6561,1063,4936,75.23
17-Aug-2016,6243.30,6248.75,6282.95,6205.00,6224.00,6253.75,6241.11,2158,515,1695,78.54
18-Aug-2016,6253.75,6285.00,6285.00,6221.00,6250.00,6243.35,6248.52,3200,778,2331,72.84
19-Aug-2016,6243.35,6282.80,6349.75,6250.00,6261.00,6280.00,6296.70,4295,1134,3377,78.63
22-Aug-2016,6280.00,6344.95,6344.95,6190.00,6210.00,6205.80,6231.08,3280,793,2102,64.09
23-Aug-2016,6205.80,6272.25,6272.25,6136.75,6162.00,6164.10,6185.90,2232,617,1553,69.58
24-Aug-2016,6164.10,6219.95,6300.00,6172.00,6195.00,6193.85,6214.00,3631,853,2484,68.41
25-Aug-2016,6193.85,6200.25,6278.00,6200.20,6210.40,6233.15,6245.53,2288,622,1718,75.09
26-Aug-2016,6233.15,6217.65,6300.10,6141.50,6200.00,6198.35,6239.14,3510,875,2787,79.40
29-Aug-2016,6198.35,6198.35,6229.00,6090.00,6150.00,6152.90,6139.16,2756,963,1896,68.80
30-Aug-2016,6152.90,6158.90,6420.00,6154.20,6200.00,6244.55,6282.72,8533,1754,5174,60.64
31-Aug-2016,6244.55,6246.30,6349.00,6162.00,6215.20,6237.20,6233.41,3734,1592,2308,61.81
01-Sep-2016,6237.20,6216.60,6300.00,6180.00,6230.00,6191.15,6244.21,3173,974,2146,67.63
02-Sep-2016,6191.15,6191.05,6225.45,6180.00,6183.00,6194.10,6200.18,10951,248,10693,97.64
06-Sep-2016,6194.10,6183.00,6300.00,6164.90,6290.00,6276.35,6249.97,3473,1326,2469,71.09
07-Sep-2016,6276.35,6234.40,6305.05,6222.00,6270.00,6258.05,6264.47,2098,708,1256,59.87
08-Sep-2016,6258.05,6227.60,6469.30,6207.60,6469.30,6410.65,6349.36,7327,1882,5727,78.16
09-Sep-2016,6410.65,6452.30,6455.15,6306.50,6350.00,6336.10,6356.78,8453,1013,7239,85.64
12-Sep-2016,6336.10,6281.10,6315.00,6200.00,6200.00,6221.00,6243.76,2760,498,2087,75.62
14-Sep-2016,6221.00,6222.05,6278.25,6150.00,6245.00,6203.15,6215.86,1564,406,835,53.39
15-Sep-2016,6203.15,6266.00,6315.00,6216.00,6247.00,6249.65,6254.98,1575,371,1043,66.22
16-Sep-2016,6249.65,6156.15,6450.00,6150.00,6160.00,6184.55,6280.72,7568,1729,5072,67.02
19-Sep-2016,6184.55,6196.60,6239.00,6109.00,6135.00,6130.50,6157.52,4442,751,3472,78.16
20-Sep-2016,6130.50,6185.05,6230.00,6130.00,6160.00,6155.25,6190.26,1405,409,946,67.33
21-Sep-2016,6155.25,6235.00,6524.60,6162.50,6524.60,6362.75,6314.08,10027,1283,8430,84.07
22-Sep-2016,6362.75,6439.90,6518.15,6336.00,6350.00,6354.50,6413.35,8440,1256,5731,67.90
23-Sep-2016,6354.50,6349.95,6430.15,6201.10,6210.00,6220.15,6298.24,5049,941,4167,82.53
26-Sep-2016,6220.15,6220.15,6311.60,6175.00,6200.00,6197.45,6230.80,1436,391,1064,74.09
27-Sep-2016,6197.45,6201.35,6299.00,6163.95,6233.20,6219.70,6251.29,3813,1564,2676,70.18
28-Sep-2016,6219.70,6298.00,6325.00,6190.00,6325.00,6268.35,6246.99,4947,2996,3564,72.04
29-Sep-2016,6268.35,6299.95,6345.00,6051.50,6200.00,6136.75,6176.77,11221,2741,7471,66.58
30-Sep-2016,6136.75,6136.05,6249.65,6080.00,6215.05,6222.60,6189.66,2528,892,1792,70.89
03-Oct-2016,6222.60,6300.00,6300.00,6176.00,6290.00,6285.60,6218.20,15209,1434,13209,86.85
04-Oct-2016,6285.60,6282.05,6318.00,6101.00,6168.00,6166.30,6162.67,9905,3517,6834,69.00
05-Oct-2016,6166.30,6234.80,6234.80,6111.40,6125.05,6142.30,6147.17,3852,852,3209,83.31
06-Oct-2016,6142.30,6142.05,6230.00,6102.05,6215.00,6211.35,6199.47,3005,882,1717,57.14
07-Oct-2016,6211.35,6187.00,6260.00,6110.00,6112.00,6117.30,6144.61,4082,993,2798,68.54
10-Oct-2016,6117.30,6209.00,6209.00,6080.50,6080.50,6095.85,6114.91,3499,807,3002,85.80
13-Oct-2016,6095.85,6185.35,6190.00,6010.10,6039.00,6035.25,6072.55,3720,1201,2808,75.48
14-Oct-2016,6035.25,6113.20,6113.25,5951.00,5970.00,5968.40,6012.13,4655,1202,3676,78.97
17-Oct-2016,5968.40,6040.00,6060.00,5903.00,5919.00,5921.55,5966.86,3735,1159,2997,80.24
18-Oct-2016,5921.55,5940.05,5997.00,5875.00,5925.00,5923.00,5929.36,14430,1236,13264,91.92
19-Oct-2016,5923.00,5999.85,5999.90,5875.00,5882.00,5899.90,5902.53,22051,1159,21219,96.23
20-Oct-2016,5899.90,5968.90,5968.90,5880.00,5909.00,5897.60,5901.37,2999,877,2479,82.66
21-Oct-2016,5897.60,5950.00,5950.00,5800.00,5811.10,5817.05,5844.97,8552,1723,7072,82.69
24-Oct-2016,5817.05,5860.00,5900.00,5580.00,5595.00,5625.45,5689.89,27978,4628,23903,85.43
25-Oct-2016,5625.45,5659.25,5677.95,5600.00,5619.90,5602.55,5623.39,15354,1839,13623,88.73
26-Oct-2016,5602.55,5654.00,5660.00,5570.00,5595.05,5594.40,5617.46,8006,1385,6668,83.29
27-Oct-2016,5594.40,5571.00,5620.00,5557.00,5570.00,5572.05,5592.09,7720,2163,6653,86.18
28-Oct-2016,5572.05,5619.95,5700.00,5581.35,5680.05,5663.30,5664.05,8315,2472,5847,70.32
30-Oct-2016,5663.30,5720.00,5774.00,5698.70,5759.00,5752.35,5733.74,2469,532,1831,74.16
01-Nov-2016,5752.35,5751.95,5798.70,5611.50,5680.00,5657.90,5713.31,3319,934,2387,71.92
02-Nov-2016,5657.90,5659.95,5700.00,5570.05,5599.00,5579.70,5621.69,4273,1317,3141,73.51
03-Nov-2016,5579.70,5629.00,5650.00,5546.55,5589.50,5572.40,5589.45,3756,1037,2689,71.59
04-Nov-2016,5572.40,5585.20,5632.00,5474.00,5632.00,5605.40,5548.44,4162,956,2768,66.51
07-Nov-2016,5605.40,5669.95,5700.05,5500.00,5520.00,5534.05,5589.68,4631,1360,3254,70.27
08-Nov-2016,5534.05,5590.00,5751.00,5345.00,5431.10,5456.10,5493.63,28490,6697,9963,34.97
09-Nov-2016,5456.10,5300.00,5440.00,4836.00,5375.00,5389.25,5272.21,12427,2811,7233,58.20
10-Nov-2016,5389.25,5544.90,5544.90,5290.00,5375.00,5319.60,5368.27,8396,2489,6801,81.00
11-Nov-2016,5319.60,5300.00,5370.00,5182.05,5225.00,5244.45,5250.33,4088,1232,2784,68.10
15-Nov-2016,5244.45,5299.95,5299.95,5001.00,5100.00,5098.85,5086.99,16536,5146,14144,85.53
16-Nov-2016,5098.85,5100.00,5131.05,5026.00,5070.00,5067.55,5074.69,10034,1467,8003,79.76
17-Nov-2016,5067.55,5102.00,5130.30,5056.05,5120.00,5119.60,5112.65,18844,7159,17302,91.82
18-Nov-2016,5119.60,5169.95,5173.95,4976.95,5013.00,5028.90,5020.27,4562,1200,3120,68.39
21-Nov-2016,5028.90,5028.00,5050.00,4900.00,5000.00,5008.30,4987.53,5628,1903,4447,79.02
22-Nov-2016,5008.30,5000.10,5270.00,4915.05,5240.00,5231.65,5065.15,7911,2324,5072,64.11
23-Nov-2016,5231.65,5368.00,5368.00,5111.00,5260.00,5188.20,5172.41,6625,2029,4443,67.06
24-Nov-2016,5188.20,5265.00,5270.00,5000.05,5040.00,5035.70,5110.59,6182,1801,4795,77.56
25-Nov-2016,5035.70,5079.95,5085.00,4915.05,4925.30,4934.60,4972.38,9095,2554,6809,74.87
28-Nov-2016,4934.60,4968.00,5132.00,4952.55,4980.00,4977.95,4998.39,13289,595,12376,93.13
29-Nov-2016,4977.95,4960.05,5099.90,4960.05,5000.00,5004.45,5029.25,4093,847,2664,65.09
30-Nov-2016,5004.45,4980.00,5100.00,4980.00,5099.00,5086.80,5068.36,4746,2398,3648,76.86
01-Dec-2016,5086.80,5131.95,5132.00,5000.50,5035.00,5035.10,5037.15,2585,749,1649,63.79
02-Dec-2016,5035.10,5036.00,5134.95,5001.00,5110.00,5110.00,5058.86,3795,1088,2809,74.02
05-Dec-2016,5110.00,5100.00,5100.00,5011.75,5012.00,5029.95,5051.76,4341,504,3676,84.68
06-Dec-2016,5029.95,5002.00,5084.00,5000.00,5007.00,5004.65,5019.82,2306,534,1833,79.49
07-Dec-2016,5004.65,5095.00,5095.00,4950.10,4975.00,4969.05,5000.79,3643,1002,2845,78.09
08-Dec-2016,4969.05,4971.05,5040.00,4971.05,5030.00,5021.10,5012.48,2643,1464,1685,63.75
09-Dec-2016,5021.10,5051.00,5100.00,5040.00,5089.90,5084.95,5070.76,2174,784,1454,66.88
12-Dec-2016,5084.95,5110.00,5110.00,5010.00,5034.00,5046.15,5042.34,11982,700,10825,90.34
13-Dec-2016,5046.15,5002.45,5043.95,4990.00,4999.00,5003.40,5013.07,1939,831,1317,67.92
14-Dec-2016,5003.40,5120.00,5120.00,5005.05,5041.10,5069.80,5051.54,1399,759,862,61.62
15-Dec-2016,5069.80,5068.10,5097.90,5001.50,5036.10,5065.70,5072.62,993,476,586,59.01
16-Dec-2016,5065.70,5100.00,5100.00,5015.00,5037.30,5048.25,5051.48,1551,820,1070,68.99
19-Dec-2016,5048.25,5001.60,5069.85,5001.60,5050.00,5046.10,5035.57,1576,807,1160,73.60
20-Dec-2016,5046.10,5011.15,5107.95,4952.10,5099.00,5055.45,5024.28,4588,1897,3127,68.16
21-Dec-2016,5055.45,5058.00,5126.55,4880.00,4899.85,4904.05,4928.31,9275,1219,7741,83.46
22-Dec-2016,4904.05,4957.90,4994.00,4861.00,4980.00,4943.40,4920.97,2974,1302,1865,62.71
23-Dec-2016,4943.40,4944.00,4974.00,4873.50,4911.00,4910.50,4902.87,5285,2007,3938,74.51
26-Dec-2016,4910.50,4865.00,4938.90,4836.20,4860.00,4859.85,4882.63,2169,544,1285,59.24
27-Dec-2016,4859.85,4864.90,4880.00,4801.15,4815.00,4835.20,4842.36,6892,1723,5300,76.90
28-Dec-2016,4835.20,4849.00,4874.95,4780.00,4787.00,4793.60,4825.66,5859,2084,4336,74.01
29-Dec-2016,4793.60,4830.55,5580.00,4782.05,5550.00,5337.00,5283.79,37416,2572,32757,87.55
30-Dec-2016,5337.00,5351.00,5439.30,5178.00,5185.00,5207.55,5269.23,6800,2115,3665,53.90
02-Jan-2017,5207.55,5216.00,5330.00,5179.95,5256.00,5241.85,5230.53,2060,681,1100,53.40
03-Jan-2017,5241.85,5256.00,5291.30,5211.00,5248.00,5247.95,5247.71,2404,665,1651,68.68
04-Jan-2017,5247.95,5201.00,5343.95,5201.00,5266.15,5260.90,5251.91,29188,1608,27069,92.74
05-Jan-2017,5260.90,5328.00,5328.00,5210.00,5279.00,5263.55,5243.61,11861,1050,11214,94.55
06-Jan-2017,5263.55,5279.00,5298.00,5184.00,5184.00,5206.10,5221.26,1421,599,1078,75.86
09-Jan-2017,5206.10,5238.00,5332.80,5205.10,5270.15,5299.85,5259.58,3028,1314,2508,82.83
10-Jan-2017,5299.85,5260.00,5334.20,5260.00,5275.15,5282.85,5287.72,2848,687,2018,70.86
11-Jan-2017,5282.85,5280.00,5439.95,5250.00,5420.00,5389.40,5338.07,4247,1212,2966,69.84
12-Jan-2017,5389.40,5399.00,5425.00,5285.15,5299.00,5309.15,5356.04,1515,482,841,55.51
13-Jan-2017,5309.15,5398.00,5398.00,5201.15,5240.00,5225.15,5260.34,2991,1196,2041,68.24
16-Jan-2017,5225.15,5230.00,5283.00,5157.35,5165.10,5170.85,5195.32,3996,486,3497,87.51
17-Jan-2017,5170.85,5179.00,5245.00,5080.00,5125.00,5123.85,5128.96,3295,1174,2220,67.37
18-Jan-2017,5123.85,5125.35,5235.00,5110.00,5230.00,5165.75,5165.61,339738,644,1555,0.46
19-Jan-2017,5165.75,5238.00,5332.05,5183.00,5301.25,5307.60,5273.89,2994,669,1751,58.48
20-Jan-2017,5307.60,5324.40,5324.40,5182.20,5299.00,5247.05,5252.47,3882,1581,2557,65.87
23-Jan-2017,5247.05,5225.50,5299.00,5200.00,5202.00,5200.50,5201.16,51227,386,50500,98.58
24-Jan-2017,5200.50,5227.00,5375.00,5211.35,5240.00,5247.65,5241.90,66792,2126,58761,87.98
25-Jan-2017,5247.65,5251.35,5360.00,5200.05,5220.00,5235.55,5263.30,2451,704,1694,69.11
27-Jan-2017,5235.55,5275.00,5359.00,5255.00,5300.00,5288.25,5285.43,13092,1975,11095,84.75
30-Jan-2017,5288.25,5289.95,5289.95,5166.50,5180.00,5187.70,5194.62,6830,753,5557,81.36
31-Jan-2017,5187.70,5241.80,5628.30,5162.00,5470.00,5533.25,5429.52,37638,3456,29004,77.06
01-Feb-2017,5533.25,5499.00,5840.00,5322.25,5670.95,5765.50,5655.87,16174,3514,10615,65.63
02-Feb-2017,5765.50,5699.95,5750.00,5498.80,5699.00,5648.45,5632.90,20649,4085,15185,73.54
03-Feb-2017,5648.45,5648.45,5711.05,5521.00,5525.00,5553.00,5617.27,3356,977,1984,59.12
06-Feb-2017,5553.00,5554.95,5697.90,5525.10,5600.00,5593.90,5597.27,5408,1034,3733,69.03
07-Feb-2017,5593.90,5570.90,5603.55,5510.60,5551.60,5576.05,5567.78,1871,830,1316,70.34
08-Feb-2017,5576.05,5649.00,5649.00,5531.00,5550.00,5552.95,5594.15,2980,1344,1754,58.86
09-Feb-2017,5552.95,5640.00,5640.00,5465.65,5600.00,5533.85,5539.69,2261,696,1060,46.88
10-Feb-2017,5533.85,5579.75,5596.90,5511.10,5550.00,5554.60,5549.45,1276,535,641,50.24
13-Feb-2017,5554.60,5599.95,5600.00,5530.00,5550.00,5552.00,5555.73,1955,477,1090,55.75
14-Feb-2017,5552.00,5593.90,5621.90,5532.00,5550.00,5577.80,5578.06,2914,576,2057,70.59
15-Feb-2017,5577.80,5544.80,5544.80,5371.00,5448.85,5423.10,5458.77,3411,835,2115,62.01
16-Feb-2017,5423.10,5375.05,5599.00,5374.55,5590.00,5588.30,5527.38,4888,1845,2762,56.51
17-Feb-2017,5588.30,5650.00,5650.00,5501.00,5540.00,5526.65,5538.86,1392,546,683,49.07
20-Feb-2017,5526.65,5480.00,5600.00,5480.00,5530.00,5551.50,5561.02,1606,424,956,59.53
21-Feb-2017,5551.50,5561.25,5570.00,5410.45,5410.45,5421.35,5459.35,2927,581,1954,66.76
22-Feb-2017,5421.35,5428.80,5540.00,5401.00,5460.00,5475.40,5455.47,20494,2360,18021,87.93
23-Feb-2017,5475.40,5370.00,5527.05,5370.00,5480.00,5465.55,5464.66,8829,2372,6922,78.40
27-Feb-2017,5465.55,5441.00,5460.00,5335.10,5380.00,5375.40,5382.50,8105,2264,6477,79.91
28-Feb-2017,5375.40,5355.10,5475.00,5355.00,5450.00,5452.00,5416.38,2324,531,1572,67.64
01-Mar-2017,5452.00,5399.00,5483.00,5349.80,5350.00,5351.15,5392.72,10318,1315,7066,68.48
02-Mar-2017,5351.15,5420.00,5420.00,5350.00,5400.00,5386.45,5383.10,1618,324,801,49.51
03-Mar-2017,5386.45,5338.00,5418.00,5338.00,5372.00,5388.65,5375.62,1432,487,803,56.08
06-Mar-2017,5388.65,5351.60,5392.90,5330.00,5350.00,5346.25,5341.96,6762,1751,5659,83.69
07-Mar-2017,5346.25,5342.80,5376.00,5301.00,5308.10,5315.55,5335.82,1083,487,712,65.74
08-Mar-2017,5315.55,5360.00,5360.00,5269.95,5281.00,5290.05,5291.28,4248,622,3642,85.73
09-Mar-2017,5290.05,5300.10,5325.00,5260.00,5287.00,5279.85,5273.31,6254,378,5667,90.61
10-Mar-2017,5279.85,5349.85,5349.85,5222.00,5250.00,5239.85,5251.98,11710,379,11156,95.27
14-Mar-2017,5239.85,5356.00,5427.30,5262.25,5282.00,5301.85,5299.45,3400,1160,2454,72.18
15-Mar-2017,5301.85,5335.00,5424.00,5245.75,5335.00,5332.95,5286.77,7282,1117,5852,80.36
16-Mar-2017,5332.95,5340.00,5578.00,5310.00,5555.00,5548.10,5485.35,3872,1250,2002,51.70
17-Mar-2017,5548.10,5600.00,5600.00,5412.10,5570.00,5539.55,5508.97,8419,1640,5359,63.65
20-Mar-2017,5539.55,5535.00,5550.00,5455.00,5495.50,5499.55,5505.89,1475,362,1013,68.68
21-Mar-2017,5499.55,5500.00,5528.00,5450.00,5500.00,5513.15,5501.83,3083,586,2503,81.19
22-Mar-2017,5513.15,5495.25,5495.25,5420.40,5436.00,5453.10,5460.38,1775,660,1148,64.68
23-Mar-2017,5453.10,5420.00,5499.70,5350.00,5360.00,5372.00,5417.46,4548,1547,2669,58.69
24-Mar-2017,5372.00,5470.00,6168.00,5386.15,6009.90,6028.30,5876.81,113971,10812,68993,60.54
27-Mar-2017,6028.30,6045.00,6320.00,5812.00,6320.00,6142.80,6037.37,23156,3832,11816,51.03
28-Mar-2017,6142.80,6298.00,6378.00,5971.00,5980.00,6031.55,6152.21,11984,3569,5370,44.81
29-Mar-2017,6031.55,6098.00,6098.00,5800.00,5820.00,5830.90,5900.07,12003,3172,6625,55.19
30-Mar-2017,5830.90,5820.00,6030.00,5760.85,5924.00,5991.55,5949.09,33709,3975,23945,71.03
31-Mar-2017,5991.55,5980.00,6000.05,5730.65,5799.00,5826.10,5875.91,15218,4931,10041,65.98
03-Apr-2017,5826.10,5835.05,5909.90,5835.05,5840.05,5853.85,5863.80,4079,1049,2281,55.92
05-Apr-2017,5853.85,5899.00,5919.60,5762.90,5799.00,5794.25,5827.25,7447,2799,5223,70.14
06-Apr-2017,5794.25,5839.95,5850.15,5750.00,5753.05,5771.20,5792.37,2668,799,1535,57.53
07-Apr-2017,5771.20,5753.05,5799.95,5740.00,5780.00,5765.45,5769.85,5618,1925,3271,58.22
10-Apr-2017,5765.45,5790.00,6049.00,5768.00,5889.90,5930.85,5879.59,10723,2096,6302,58.77
11-Apr-2017,5930.85,5988.00,6170.00,5987.80,6100.10,6134.50,6106.32,25112,4248,17800,70.88
12-Apr-2017,6134.50,6129.95,6197.90,6016.05,6093.90,6092.70,6095.67,6883,1228,4354,63.26
13-Apr-2017,6092.70,6110.00,6239.90,6030.00,6086.00,6113.75,6148.93,6245,1352,3999,64.04
17-Apr-2017,6113.75,6189.00,6196.95,6021.00,6050.00,6050.60,6081.62,9215,1580,7666,83.19
18-Apr-2017,6050.60,6025.35,6240.10,6025.35,6145.00,6152.10,6171.48,7077,1244,4138,58.47
19-Apr-2017,6152.10,6220.00,6220.00,6091.10,6120.00,6116.70,6115.40,4925,791,3932,79.84
20-Apr-2017,6116.70,6178.00,6229.95,6120.10,6177.00,6181.55,6171.83,3953,666,3001,75.92
21-Apr-2017,6181.55,6200.00,6285.00,6076.60,6077.00,6089.00,6166.47,6780,1833,4849,71.52
24-Apr-2017,6089.00,6179.00,6200.00,6100.00,6169.90,6171.55,6153.04,13879,826,12592,90.73
25-Apr-2017,6171.55,6172.00,6249.80,6155.20,6182.00,6190.40,6186.08,13924,1050,12543,90.08
26-Apr-2017,6190.40,6188.00,6295.00,6160.00,6174.95,6187.95,6233.36,6601,1492,4098,62.08
27-Apr-2017,6187.95,6240.00,6240.00,6110.00,6155.50,6166.05,6164.47,7315,3416,4434,60.62
28-Apr-2017,6166.05,6199.00,6199.00,5950.00,5985.00,5991.25,6031.82,15217,3422,9129,59.99
02-May-2017,5991.25,6028.00,6070.00,5870.00,5895.00,5888.85,5922.42,9589,2276,7625,79.52
03-May-2017,5888.85,5900.00,5949.00,5853.35,5911.00,5896.90,5888.29,4806,3167,3740,77.82
04-May-2017,5896.90,5928.30,6118.00,5925.35,6003.00,6005.05,6005.70,7019,1465,4514,64.31
05-May-2017,6005.05,6055.00,6060.00,5890.00,5900.00,5902.40,5929.48,3945,1076,2652,67.22
08-May-2017,5902.40,5851.50,5955.00,5851.50,5888.05,5885.65,5889.50,1693,414,1142,67.45
09-May-2017,5885.65,5877.65,5978.95,5862.30,5890.00,5928.35,5932.61,6504,1895,4374,67.25
10-May-2017,5928.35,5930.00,6062.85,5920.10,5995.00,5997.70,6002.61,9676,1908,7897,81.61
11-May-2017,5997.70,6009.95,6009.95,5950.00,5970.00,5987.55,5984.66,3904,991,2712,69.47
12-May-2017,5987.55,6000.00,6000.05,5845.00,5850.00,5889.40,5935.56,3952,908,3193,80.79
15-May-2017,5889.40,5910.00,5948.45,5828.00,5875.00,5889.70,5899.11,6815,2043,5837,85.65
16-May-2017,5889.70,5900.00,5906.00,5850.00,5879.00,5863.05,5884.04,1850,557,1249,67.51
17-May-2017,5863.05,5864.00,5974.85,5801.00,5862.90,5850.80,5876.16,4613,721,3375,73.16
18-May-2017,5850.80,5859.00,6025.00,5803.00,5900.00,5900.30,5857.81,11232,1305,8030,71.49
19-May-2017,5900.30,5916.10,5979.35,5863.05,5865.20,5874.65,5892.67,2439,390,1886,77.33
22-May-2017,5874.65,5967.80,5967.80,5725.00,5770.00,5784.00,5806.01,19198,1538,16945,88.26
23-May-2017,5784.00,5780.00,5809.95,5657.00,5695.00,5695.75,5716.06,2501,1012,1705,68.17
24-May-2017,5695.75,5675.00,6049.00,5651.00,5860.00,5931.10,5913.27,15370,1655,10711,69.69
25-May-2017,5931.10,5885.00,5900.00,5753.20,5770.00,5796.55,5825.01,4229,759,2219,52.47
26-May-2017,5796.55,5772.00,6030.00,5772.00,5900.00,5940.05,5955.96,8582,2758,5111,59.55
29-May-2017,5940.05,5900.00,5940.00,5770.00,5770.30,5826.75,5834.37,4662,972,3090,66.28
30-May-2017,5826.75,5810.00,5875.00,5780.35,5837.00,5828.20,5832.41,1475,508,649,44.00
31-May-2017,5828.20,5807.00,5917.10,5790.00,5800.15,5826.35,5868.48,10248,2629,8098,79.02
01-Jun-2017,5826.35,5874.75,5874.75,5780.00,5780.00,5788.90,5798.78,3009,448,2503,83.18
02-Jun-2017,5788.90,5839.95,5849.95,5710.00,5742.00,5728.60,5757.15,5291,782,4442,83.95
05-Jun-2017,5728.60,5730.00,5778.95,5714.05,5750.15,5757.50,5744.96,3333,470,2753,82.60
06-Jun-2017,5757.50,5752.00,5795.00,5681.95,5750.00,5757.70,5738.75,5115,1002,3872,75.70
07-Jun-2017,5757.70,5722.00,5825.00,5722.00,5800.00,5803.20,5764.85,2025,704,1244,61.43
08-Jun-2017,5803.20,5840.00,5840.00,5670.00,5687.00,5700.35,5718.19,4928,1909,3323,67.43
09-Jun-2017,5700.35,5755.00,5755.00,5680.00,5697.40,5696.40,5710.82,2035,756,1465,71.99
12-Jun-2017,5696.40,5697.40,5750.00,5655.00,5665.10,5673.25,5694.23,1733,610,1037,59.84
13-Jun-2017,5673.25,5680.00,5781.30,5651.00,5707.00,5717.65,5715.06,3681,1417,2608,70.85
14-Jun-2017,5717.65,5710.50,5797.90,5646.00,5795.00,5779.65,5722.79,6048,2126,3691,61.03
15-Jun-2017,5779.65,5795.15,5800.00,5572.00,5640.00,5625.70,5634.57,17302,2116,13646,78.87
16-Jun-2017,5625.70,5630.05,5698.95,5592.05,5615.25,5621.80,5621.90,3069,674,1643,53.54
19-Jun-2017,5621.80,5635.00,5690.05,5630.00,5669.50,5663.30,5655.92,16165,652,15310,94.71
20-Jun-2017,5663.30,5699.95,5732.00,5625.00,5700.00,5702.55,5701.34,3998,1383,2866,71.69
21-Jun-2017,5702.55,5716.70,5733.95,5661.00,5669.95,5704.65,5691.13,2077,430,1561,75.16
22-Jun-2017,5704.65,5707.05,5735.00,5660.00,5660.00,5685.35,5701.45,3721,1364,2441,65.60
23-Jun-2017,5685.35,5671.40,5849.80,5551.15,5751.00,5744.80,5698.83,5047,858,3464,68.63
27-Jun-2017,5744.80,5702.00,5743.95,5590.00,5603.95,5599.95,5618.34,4112,1064,2477,60.24
28-Jun-2017,5599.95,5649.95,5649.95,5523.95,5525.00,5546.25,5553.06,11202,965,10353,92.42
29-Jun-2017,5546.25,5550.00,5609.85,5470.00,5480.00,5498.90,5518.35,11347,2081,9551,84.17
30-Jun-2017,5498.90,5498.00,5567.40,5440.00,5535.00,5516.90,5519.63,1575,396,876,55.62
03-Jul-2017,5516.90,5572.30,5590.00,5488.40,5515.00,5505.45,5530.89,2486,627,1798,72.33
04-Jul-2017,5505.45,5510.00,5674.00,5510.00,5610.00,5606.05,5562.42,2800,596,1999,71.39
05-Jul-2017,5606.05,5610.00,5694.70,5599.05,5654.50,5666.70,5648.77,2498,729,1219,48.80
06-Jul-2017,5666.70,5640.00,5750.00,5620.00,5719.00,5726.00,5699.76,2197,572,1348,61.36
07-Jul-2017,5726.00,5700.00,5738.95,5610.10,5622.00,5646.15,5677.90,2208,964,1536,69.57
10-Jul-2017,5646.15,5650.00,5765.00,5515.00,5700.00,5667.85,5666.51,269,84,159,59.11
11-Jul-2017,5667.85,5674.95,5698.85,5600.00,5603.00,5608.75,5631.11,2047,743,1453,70.98
12-Jul-2017,5608.75,5650.00,5650.00,5501.00,5525.00,5527.40,5564.47,2516,562,2056,81.72
13-Jul-2017,5527.40,5565.00,5592.30,5500.50,5536.00,5536.10,5536.45,1966,484,1501,76.35
14-Jul-2017,5536.10,5525.00,5581.80,5499.05,5520.00,5509.15,5519.49,3795,901,3184,83.90
17-Jul-2017,5509.15,5539.95,5549.85,5451.00,5470.00,5478.50,5501.83,2870,1059,2151,74.95
18-Jul-2017,5478.50,5496.00,5603.80,5425.35,5425.35,5439.25,5466.58,4883,1477,3331,68.22
19-Jul-2017,5439.25,5445.00,5519.90,5400.00,5421.00,5442.70,5432.68,12340,3470,10133,82.12
20-Jul-2017,5442.70,5451.00,5479.95,5405.50,5450.00,5439.00,5442.90,2111,766,1493,70.72
21-Jul-2017,5439.00,5445.00,5594.00,5366.00,5368.05,5378.85,5404.64,9257,2949,7775,83.99
24-Jul-2017,5378.85,5425.00,5450.00,5355.00,5378.00,5376.30,5390.04,3236,653,2759,85.26
25-Jul-2017,5376.30,5376.30,5400.00,5350.10,5353.00,5356.80,5371.59,2401,982,1823,75.93
26-Jul-2017,5356.80,5353.00,5400.00,5311.00,5324.00,5321.20,5351.40,3666,1034,2814,76.76
27-Jul-2017,5321.20,5396.00,5450.00,5320.00,5437.90,5423.70,5399.85,5439,1220,3383,62.20
28-Jul-2017,5423.70,5390.00,5443.95,5303.00,5325.00,5387.65,5361.05,5824,2113,3457,59.36
31-Jul-2017,5387.65,5390.00,5550.00,5277.60,5475.00,5463.70,5376.26,7898,1747,5237,66.31
01-Aug-2017,5463.70,5500.00,5540.40,5480.00,5508.00,5509.05,5503.42,3118,909,2254,72.29
02-Aug-2017,5509.05,5555.00,5569.80,5510.00,5550.00,5545.85,5535.98,3103,876,1954,62.97
03-Aug-2017,5545.85,5501.00,5590.00,5501.00,5535.00,5537.05,5561.47,1947,603,1205,61.89
04-Aug-2017,5537.05,5569.95,5793.50,5490.10,5650.00,5690.00,5666.80,7696,1056,6200,80.56
07-Aug-2017,5690.00,5640.05,5724.00,5580.00,5644.95,5645.90,5634.11,2858,754,1458,51.01
08-Aug-2017,5645.90,5660.00,5660.00,5480.95,5543.35,5540.50,5537.26,3427,1274,1925,56.17
09-Aug-2017,5540.50,5515.55,5521.10,5460.00,5480.00,5492.10,5487.07,2560,906,1436,56.09
10-Aug-2017,5492.10,5485.00,5485.00,5399.85,5425.00,5425.00,5426.29,5740,1151,4404,76.72
11-Aug-2017,5425.00,5400.00,5425.00,5230.15,5400.00,5371.10,5369.36,13348,2250,10572,79.20
14-Aug-2017,5371.10,5400.00,5658.15,5381.10,5650.00,5626.80,5455.22,16422,1379,13949,84.94
16-Aug-2017,5626.80,5657.10,5670.15,5526.60,5600.00,5591.20,5594.75,1626,532,1069,65.74
17-Aug-2017,5591.20,5698.00,5698.00,5454.00,5610.00,5558.40,5535.56,3238,719,1771,54.69
18-Aug-2017,5558.40,5600.00,5600.00,5458.00,5530.00,5521.15,5508.92,2403,560,1359,56.55
21-Aug-2017,5521.15,5529.00,5699.85,5501.00,5600.35,5649.25,5636.49,4200,747,2784,66.29
22-Aug-2017,5649.25,5698.95,5700.00,5526.00,5616.00,5655.20,5630.73,4039,746,2995,74.15
23-Aug-2017,5655.20,5698.00,5698.00,5511.25,5535.00,5541.15,5585.28,3344,510,2026,60.59
24-Aug-2017,5541.15,5537.60,5571.85,5468.25,5470.30,5522.00,5522.81,1986,544,1129,56.85
28-Aug-2017,5522.00,5599.00,5599.00,5430.00,5527.00,5523.90,5525.09,7803,1421,5454,69.90
29-Aug-2017,5523.90,5529.95,5529.95,5400.05,5400.05,5451.75,5464.39,1809,404,1128,62.35
30-Aug-2017,5451.75,5427.65,5544.00,5404.15,5425.00,5430.70,5478.82,3432,587,1949,56.79
31-Aug-2017,5430.70,5474.95,5555.00,5445.00,5452.00,5489.40,5504.97,3276,635,1935,59.07
01-Sep-2017,5489.40,5458.00,5540.00,5458.00,5480.00,5508.00,5509.80,1626,317,1146,70.48
04-Sep-2017,5508.00,5510.05,5550.05,5405.50,5440.00,5441.95,5474.01,1412,327,923,65.37
05-Sep-2017,5441.95,5488.95,5517.25,5425.00,5499.80,5492.70,5475.60,1516,334,990,65.30
06-Sep-2017,5492.70,5490.00,5540.00,5433.05,5500.00,5493.45,5495.61,1241,319,805,64.87
07-Sep-2017,5493.45,5480.05,5672.30,5452.00,5625.00,5631.05,5617.90,14032,1689,11016,78.51
08-Sep-2017,5631.05,5610.10,5680.00,5541.10,5650.00,5643.50,5628.62,3363,648,2088,62.09
11-Sep-2017,5643.50,5679.95,5935.00,5585.00,5926.00,5836.30,5801.53,12888,1511,9777,75.86
12-Sep-2017,5836.30,5900.00,5924.80,5840.00,5875.00,5863.10,5878.33,4342,1143,2883,66.40
13-Sep-2017,5863.10,5800.05,6088.80,5777.15,6040.00,6054.15,5972.57,13755,2653,10117,73.55
14-Sep-2017,6054.15,6030.00,6155.00,5963.35,6105.00,6119.45,6057.39,18230,1372,15915,87.30
15-Sep-2017,6119.45,6121.00,6149.95,6011.05,6128.00,6105.70,6073.99,11702,2284,8169,69.81
18-Sep-2017,6105.70,6100.00,6203.00,6016.40,6112.00,6170.35,6175.72,9963,1594,7418,74.46
19-Sep-2017,6170.35,6195.70,6490.00,6024.90,6350.00,6315.25,6237.74,18273,2003,12792,70.00
20-Sep-2017,6315.25,6323.00,6397.95,6150.00,6150.00,6190.20,6252.43,4397,1362,2004,45.58
21-Sep-2017,6190.20,6180.05,6208.50,6000.15,6025.50,6044.40,6068.69,6374,1980,3589,56.31
22-Sep-2017,6044.40,6008.05,6079.95,5885.00,6000.00,5983.60,5948.47,5365,2223,3040,56.66
25-Sep-2017,5983.60,6000.00,6107.85,5806.60,6100.00,5994.00,5919.76,7538,2316,4204,55.77
26-Sep-2017,5994.00,6076.50,6090.00,5871.05,5900.00,5965.20,5979.21,4459,1079,2314,51.90
27-Sep-2017,5965.20,6024.90,6024.90,5775.05,5844.00,5818.25,5867.30,2804,799,1545,55.10
28-Sep-2017,5818.25,5775.00,5955.00,5750.00,5804.00,5855.40,5819.06,2206,518,1334,60.47
29-Sep-2017,5855.40,5854.00,6048.00,5839.95,6000.00,5989.55,5954.15,2724,757,2011,73.83
03-Oct-2017,5989.55,6100.00,6100.20,5921.00,5961.00,6042.20,6023.58,2669,715,1432,53.65
04-Oct-2017,6042.20,5999.85,6125.55,5976.10,6100.00,6101.15,6057.44,8469,1533,5289,62.45
05-Oct-2017,6101.15,6100.05,6150.00,5975.00,5975.00,6018.15,6070.81,1643,553,1031,62.75
06-Oct-2017,6018.15,6021.65,6097.90,5975.05,6060.00,6065.95,6038.38,5549,1410,2855,51.45
09-Oct-2017,6065.95,6090.00,6419.00,5980.30,6321.25,6331.75,6304.92,9344,1717,6315,67.58
10-Oct-2017,6331.75,6350.00,6400.00,6188.20,6300.00,6261.60,6309.80,12879,3240,7225,56.10
11-Oct-2017,6261.60,6314.00,6340.00,6121.00,6122.00,6189.55,6240.17,5823,2060,3574,61.38
12-Oct-2017,6189.55,6130.00,6200.00,6102.00,6200.00,6145.65,6137.04,9733,1204,4783,49.14
13-Oct-2017,6145.65,6178.95,6375.00,6116.00,6297.20,6342.90,6264.76,6893,1291,4460,64.70
16-Oct-2017,6342.90,6260.10,6343.00,6151.00,6162.10,6218.20,6232.15,2687,712,1559,58.02
17-Oct-2017,6218.20,6205.00,6226.00,6150.15,6210.00,6209.45,6193.60,3077,776,2169,70.49
18-Oct-2017,6209.45,6249.95,6249.95,6147.00,6185.00,6188.15,6205.28,1972,380,1463,74.19
19-Oct-2017,6188.15,6244.95,6244.95,6111.00,6135.00,6157.90,6156.97,580,186,354,61.03
23-Oct-2017,6157.90,6091.10,6155.00,6070.00,6070.00,6083.20,6108.28,1076,336,722,67.10
24-Oct-2017,6083.20,6110.05,6128.95,5980.05,6000.00,6002.75,6021.28,4034,863,2643,65.52
25-Oct-2017,6002.75,6078.85,6375.00,5930.00,6375.00,6315.70,6234.47,7349,1661,5633,76.65
26-Oct-2017,6315.70,6309.95,6309.95,6155.00,6230.00,6218.50,6215.09,3243,946,2130,65.68
27-Oct-2017,6218.50,6299.00,6308.60,6140.00,6150.00,6175.25,6227.40,2763,742,1551,56.13
30-Oct-2017,6175.25,6279.95,6288.60,6180.70,6256.00,6220.40,6261.80,1577,657,1170,74.19
31-Oct-2017,6220.40,6260.00,6765.00,6244.00,6288.00,6362.15,6555.87,54309,10220,21055,38.77
01-Nov-2017,6362.15,6399.00,6780.00,6362.15,6699.55,6695.60,6578.27,24949,4386,14682,58.85
02-Nov-2017,6695.60,6780.00,6850.00,6519.40,6669.00,6714.35,6673.36,17715,3530,8412,47.49
03-Nov-2017,6714.35,6800.00,6800.00,6626.00,6715.00,6702.65,6706.68,8140,1385,4813,59.13
06-Nov-2017,6702.65,6789.95,6866.00,6671.50,6825.00,6836.75,6806.77,8755,1815,4500,51.40
07-Nov-2017,6836.75,6899.00,7125.00,6700.00,6990.00,6956.50,6928.38,61124,9404,16484,26.97
08-Nov-2017,6956.50,7098.95,7137.00,6822.10,6895.00,6914.05,6956.76,14855,2712,7520,50.62
09-Nov-2017,6914.05,6960.00,7000.00,6771.00,6800.00,6811.85,6846.91,4380,1211,1848,42.19
10-Nov-2017,6811.85,6879.00,6879.00,6716.20,6745.00,6760.15,6788.81,4660,751,2359,50.62
13-Nov-2017,6760.15,6717.05,6797.80,6600.00,6648.90,6641.65,6687.25,2656,631,1732,65.21
14-Nov-2017,6641.65,6672.95,6743.60,6479.65,6500.00,6567.15,6573.86,6028,738,3468,57.53
15-Nov-2017,6567.15,6567.00,6567.00,6450.00,6470.00,6476.45,6487.92,3377,770,1559,46.17
16-Nov-2017,6476.45,6589.00,6589.00,6453.00,6515.00,6515.15,6510.09,6348,918,4552,71.71
17-Nov-2017,6515.15,6574.00,6596.45,6425.00,6450.05,6476.60,6509.40,3473,687,2070,59.60
20-Nov-2017,6476.60,6476.60,6600.00,6452.80,6453.00,6463.80,6508.44,2210,466,1308,59.19
21-Nov-2017,6463.80,6508.90,6666.85,6474.25,6600.00,6610.10,6573.51,9381,921,7655,81.60
22-Nov-2017,6610.10,6677.05,6683.45,6596.55,6674.00,6667.05,6646.95,5632,1254,4468,79.33
23-Nov-2017,6667.05,6660.00,6877.00,6660.00,6800.00,6782.55,6797.30,10305,1806,5692,55.24
24-Nov-2017,6782.55,6790.65,7024.80,6623.05,6873.70,6946.70,6881.14,7049,1213,3292,46.70
27-Nov-2017,6946.70,6950.00,7100.00,6911.45,6960.00,6958.20,6990.79,3060,811,1658,54.18
28-Nov-2017,6958.20,6958.20,7301.05,6887.00,7250.00,7184.05,7144.89,13376,2275,9292,69.47
29-Nov-2017,7184.05,7277.00,7289.70,7100.00,7151.95,7196.00,7193.46,10764,1758,6424,59.68
30-Nov-2017,7196.00,7184.40,7338.00,7125.90,7190.00,7270.90,7248.53,22945,4394,12936,56.38
01-Dec-2017,7270.90,7300.00,7363.00,7130.00,7245.00,7176.40,7267.54,3446,782,1416,41.09
04-Dec-2017,7176.40,7248.90,7248.90,6904.00,7137.35,7128.75,7116.26,11099,1890,6367,57.37
05-Dec-2017,7128.75,7051.00,7112.60,6949.95,6950.10,6980.10,7014.74,2676,800,1211,45.25
06-Dec-2017,6980.10,6981.00,7033.00,6816.25,6945.00,6963.05,6944.80,4235,1282,2024,47.79
07-Dec-2017,6963.05,7044.95,7049.00,6920.70,6935.00,6997.60,7013.44,1596,452,1021,63.97
08-Dec-2017,6997.60,7040.00,7199.00,6997.60,7080.00,7081.50,7069.84,2332,605,1548,66.38
11-Dec-2017,7081.50,7175.00,7175.00,6955.00,7031.00,7049.05,7062.68,1239,448,654,52.78
12-Dec-2017,7049.05,7147.00,7147.00,6883.50,6883.50,6939.60,6999.91,1248,436,737,59.05
13-Dec-2017,6939.60,6940.00,7120.00,6875.25,7063.45,7073.70,7041.93,4524,1057,3257,71.99
14-Dec-2017,7073.70,7168.40,7168.40,6990.00,7090.00,7115.80,7074.18,3165,834,1914,60.47
15-Dec-2017,7115.80,7180.00,7419.95,7115.00,7305.00,7350.40,7309.83,11751,3658,7380,62.80
18-Dec-2017,7350.40,7379.00,7500.00,7063.05,7289.00,7301.55,7336.73,3112,886,1618,51.99
19-Dec-2017,7301.55,7305.00,7375.00,7155.00,7155.00,7197.90,7257.83,1963,551,1151,58.63
20-Dec-2017,7197.90,7250.00,7250.10,7080.00,7100.30,7121.05,7188.34,3456,644,2352,68.06
21-Dec-2017,7121.05,7189.00,7189.00,7030.00,7035.00,7052.85,7095.93,3661,752,2955,80.72
22-Dec-2017,7052.85,7114.80,7120.50,6990.00,7030.00,7054.20,7047.60,5558,730,3589,64.57
26-Dec-2017,7054.20,7119.00,7276.95,7011.50,7100.00,7152.15,7163.79,7478,967,6465,86.45
27-Dec-2017,7152.15,7174.95,7224.95,6970.00,6999.00,7012.05,7131.63,3459,717,2475,71.55
28-Dec-2017,7012.05,7021.00,7130.05,7012.20,7090.00,7043.65,7070.02,2299,1071,1316,57.24
29-Dec-2017,7043.65,7122.00,7418.00,7050.00,7255.00,7337.35,7285.92,16448,2192,12392,75.34
01-Jan-2018,7337.35,7261.00,7374.00,7135.10,7140.00,7171.15,7243.95,2493,738,1188,47.65
02-Jan-2018,7171.15,7210.00,7295.00,7065.00,7175.05,7213.00,7205.08,2384,743,1137,47.69
03-Jan-2018,7213.00,7248.95,7549.90,7154.00,7440.00,7492.85,7430.62,25402,4027,14182,55.83
04-Jan-2018,7492.85,7500.00,7636.00,7395.10,7455.00,7461.75,7533.52,4900,1298,2649,54.06
05-Jan-2018,7461.75,7528.95,7538.00,7400.00,7450.05,7485.45,7476.06,2124,660,1125,52.97
08-Jan-2018,7485.45,7540.00,7595.95,7340.10,7380.00,7415.85,7458.96,2767,959,1334,48.21
09-Jan-2018,7415.85,7380.00,7475.95,7310.00,7311.20,7329.55,7369.71,10318,744,8600,83.35
10-Jan-2018,7329.55,7340.00,7678.00,7283.00,7525.00,7495.80,7488.16,8467,1791,3975,46.95
11-Jan-2018,7495.80,7645.00,7645.00,7285.00,7315.00,7355.15,7414.01,4319,1337,2296,53.16
12-Jan-2018,7355.15,7316.00,7700.00,7290.00,7675.00,7623.70,7562.17,12078,2676,6706,55.52
15-Jan-2018,7623.70,7693.30,7751.30,7525.00,7570.00,7599.25,7603.69,3441,1019,1854,53.88
16-Jan-2018,7599.25,7665.00,7665.00,7425.10,7425.10,7449.05,7490.80,3249,1551,2032,62.54
17-Jan-2018,7449.05,7355.00,7475.50,7320.00,7320.00,7337.55,7352.23,3556,740,2382,66.99
18-Jan-2018,7337.55,7400.95,7780.00,7345.00,7631.10,7700.75,7611.52,12963,3340,7478,57.69
19-Jan-2018,7700.75,7631.00,7900.00,7552.35,7796.00,7849.95,7774.51,13170,3134,6904,52.42
22-Jan-2018,7849.95,7715.00,7959.95,7700.00,7950.00,7911.35,7851.95,3966,920,2665,67.20
23-Jan-2018,7911.35,7975.00,8368.05,7940.05,8210.00,8284.55,8170.78,21905,3440,14272,65.15
24-Jan-2018,8284.55,8100.00,8537.00,7801.00,7850.00,7872.85,8018.67,12523,3085,6027,48.13
25-Jan-2018,7872.85,8010.00,8010.00,7675.00,7766.00,7763.70,7780.33,6410,1554,2543,39.67
29-Jan-2018,7763.70,7800.00,7844.75,7560.00,7650.00,7650.60,7657.23,7513,2370,4992,66.44
30-Jan-2018,7650.60,7638.65,7638.65,7477.90,7477.90,7501.45,7579.53,4724,543,3820,80.86
31-Jan-2018,7501.45,7499.75,7584.90,7257.00,7426.00,7423.00,7445.94,8299,1194,5633,67.88
01-Feb-2018,7423.00,7415.00,7495.80,7300.00,7300.05,7342.75,7377.27,1509,483,864,57.26
02-Feb-2018,7342.75,7220.50,7350.00,7030.00,7075.00,7093.05,7222.80,4262,907,3033,71.16
05-Feb-2018,7093.05,6922.00,7350.00,6711.00,7297.20,7298.05,7093.29,13407,2614,8143,60.74
06-Feb-2018,7298.05,7195.00,7299.00,6901.05,7169.00,7182.50,7066.65,9185,1780,4464,48.60
07-Feb-2018,7182.50,7250.00,7299.00,7090.00,7101.00,7251.25,7212.53,6122,2004,3338,54.52
08-Feb-2018,7251.25,7145.05,7395.00,7125.00,7252.50,7340.05,7299.07,2759,843,1130,40.96
09-Feb-2018,7340.05,7188.65,7243.90,6969.00,7044.00,7039.70,7124.95,12864,1666,6259,48.66
12-Feb-2018,7039.70,7100.00,7287.00,7099.95,7270.00,7258.45,7229.87,5761,1076,3618,62.80
14-Feb-2018,7258.45,7275.00,7350.00,7250.00,7335.00,7334.80,7325.60,7210,861,4488,62.25
15-Feb-2018,7334.80,7410.00,7415.05,7211.00,7211.00,7244.95,7329.68,1626,402,942,57.93
16-Feb-2018,7244.95,7314.25,7397.95,7055.35,7140.00,7086.70,7162.60,2555,709,1034,40.47
19-Feb-2018,7086.70,7150.00,7245.00,7025.00,7200.00,7213.55,7142.27,2729,674,1367,50.09
20-Feb-2018,7213.55,7199.95,7340.00,7125.00,7340.00,7301.50,7260.45,3622,861,1806,49.86
21-Feb-2018,7301.50,7349.00,7349.00,7131.00,7131.00,7197.45,7205.45,4719,849,3458,73.28
22-Feb-2018,7197.45,7245.00,7245.00,7035.05,7039.00,7049.00,7079.04,2326,685,1471,63.24
23-Feb-2018,7049.00,7075.00,7197.00,7041.05,7065.10,7140.75,7080.00,4321,935,2954,68.36
26-Feb-2018,7140.75,7150.00,7691.00,7125.00,7691.00,7547.40,7475.03,11987,2410,5769,48.13
27-Feb-2018,7547.40,7654.95,8041.50,7502.00,8025.00,7835.70,7770.78,12895,2242,7150,55.45
28-Feb-2018,7835.70,7836.00,8250.00,7701.05,8049.95,8092.05,8041.64,32481,4111,19224,59.19
01-Mar-2018,8092.05,8092.05,8094.00,7860.00,7900.00,7919.40,8035.18,15713,1357,12537,79.79
05-Mar-2018,7919.40,7998.60,7999.00,7809.00,7809.00,7834.15,7895.50,1702,424,1017,59.75
06-Mar-2018,7834.15,7956.00,8135.00,7837.35,7980.00,7974.05,8024.07,7760,2156,3448,44.43
07-Mar-2018,7974.05,7999.90,7999.90,7705.30,7712.00,7761.80,7842.03,2426,668,1196,49.30
08-Mar-2018,7761.80,7798.35,7859.00,7605.05,7795.00,7725.60,7706.56,2312,594,997,43.12
09-Mar-2018,7725.60,7725.00,7810.00,7649.95,7697.40,7715.05,7715.47,1276,565,587,46.00
12-Mar-2018,7715.05,7700.05,7801.00,7565.50,7595.00,7665.30,7718.33,1642,463,870,52.98
13-Mar-2018,7665.30,7643.40,7750.00,7615.05,7650.00,7659.55,7688.96,910,333,469,51.54
14-Mar-2018,7659.55,7674.35,7685.25,7537.35,7550.00,7574.70,7602.01,1257,533,848,67.46
15-Mar-2018,7574.70,7687.95,7687.95,7510.00,7515.55,7570.30,7616.10,2497,431,1820,72.89
16-Mar-2018,7570.30,7551.05,7599.00,7210.00,7325.00,7275.35,7380.10,37052,2841,16992,45.86
19-Mar-2018,7275.35,7350.00,7550.00,7345.95,7499.00,7470.75,7453.67,4057,1225,2378,58.61
20-Mar-2018,7470.75,7460.00,7460.00,7312.70,7330.00,7332.10,7365.67,1401,396,715,51.03
21-Mar-2018,7332.10,7405.40,7524.95,7300.00,7499.00,7389.35,7389.51,1781,574,1247,70.02
22-Mar-2018,7389.35,7499.00,7499.00,7307.00,7313.40,7337.95,7395.27,614,279,299,48.70
23-Mar-2018,7337.95,7240.00,7570.00,7210.50,7389.00,7490.50,7356.06,2374,721,1455,61.29
26-Mar-2018,7490.50,7565.00,7565.00,7301.10,7528.90,7449.10,7397.08,4459,1421,2475,55.51
27-Mar-2018,7449.10,7564.40,7677.60,7403.05,7655.00,7650.00,7579.18,3828,1783,2545,66.48
28-Mar-2018,7650.00,7554.90,8000.00,7505.65,7806.90,7930.80,7864.67,11592,1891,6188,53.38
02-Apr-2018,7930.80,7999.00,8000.00,7900.05,7944.00,7950.45,7951.44,1298,503,683,52.62
03-Apr-2018,7950.45,7994.00,8080.00,7833.50,8040.00,8031.60,7967.54,1632,623,921,56.43
04-Apr-2018,8031.60,8091.00,8137.55,7880.00,7899.95,7938.70,8026.39,1681,507,1070,63.65
05-Apr-2018,7938.70,7969.70,8050.00,7928.00,7975.00,7997.15,7991.96,1040,351,624,60.00
06-Apr-2018,7997.15,8049.00,8050.00,7800.00,8000.00,7921.60,7926.99,2421,515,1329,54.89
09-Apr-2018,7921.60,8038.00,8040.00,7901.00,8000.00,7995.80,7969.27,1915,557,1199,62.61
10-Apr-2018,7995.80,8016.15,8016.15,7921.10,7995.00,7984.80,7980.80,504,212,277,54.96
11-Apr-2018,7984.80,8001.00,8001.00,7800.00,7800.00,7831.40,7873.66,1762,559,1032,58.57
12-Apr-2018,7831.40,7847.05,8062.95,7781.15,7974.00,7931.90,7944.92,3198,840,907,28.36
13-Apr-2018,7931.90,7900.00,8002.00,7900.00,7990.00,7983.50,7987.71,810,261,548,67.65
16-Apr-2018,7983.50,7999.95,7999.95,7830.00,7833.90,7849.30,7879.69,1946,1152,1181,60.69
17-Apr-2018,7849.30,7912.00,8002.05,7892.85,7980.00,7982.20,7989.06,2474,366,1971,79.67
18-Apr-2018,7982.20,8020.00,8020.00,7831.25,7840.10,7902.15,7945.76,1022,487,559,54.70
19-Apr-2018,7902.15,7812.65,8010.00,7812.65,7991.00,7965.75,7961.98,2292,603,1588,69.28
20-Apr-2018,7965.75,7991.00,7991.00,7885.00,7936.00,7924.80,7923.29,6666,357,6037,90.56
23-Apr-2018,7924.80,8065.00,8065.00,7894.00,7894.00,7922.90,7954.00,505,188,298,59.01
24-Apr-2018,7922.90,7985.00,8018.85,7900.15,7985.00,7955.65,7998.51,22097,841,20970,94.90
25-Apr-2018,7955.65,7970.00,8347.95,7940.00,7976.00,7961.00,8075.28,7255,3561,3744,51.61
26-Apr-2018,7961.00,8029.90,8129.00,7961.40,8075.00,8097.20,8077.61,3324,1517,2729,82.10
27-Apr-2018,8097.20,8116.65,8318.95,8049.95,8130.00,8097.35,8167.12,7695,1465,5661,73.57
30-Apr-2018,8097.35,8169.60,8229.30,8058.95,8065.00,8102.90,8132.21,903,354,569,63.01
02-May-2018,8102.90,8070.00,8150.00,8001.00,8098.00,8072.80,8080.49,1055,418,718,68.06
03-May-2018,8072.80,8197.00,8200.00,7961.05,7980.00,8015.45,8123.66,4086,1247,2499,61.16
04-May-2018,8015.45,8015.50,8016.20,7805.50,7805.50,7836.10,7911.41,1555,474,952,61.22
07-May-2018,7836.10,7874.80,7979.90,7852.05,7949.00,7891.50,7911.13,864,304,578,66.90
08-May-2018,7891.50,7830.50,8278.95,7830.50,8201.00,8202.55,8143.00,5417,1918,3233,59.68
09-May-2018,8202.55,8190.00,8190.00,7950.00,7952.20,7972.75,8041.62,1631,528,898,55.06
10-May-2018,7972.75,7999.90,8032.30,7840.00,7854.00,7876.15,7939.83,1158,485,618,53.37
11-May-2018,7876.15,7986.15,8129.00,7805.00,8050.00,8082.20,8045.05,3535,1097,2193,62.04
14-May-2018,8082.20,7975.05,8090.00,7900.00,7910.00,7933.30,7999.50,12335,397,11567,93.77
15-May-2018,7933.30,7997.95,8001.00,7846.25,7925.00,7918.60,7967.31,4013,559,2318,57.76
16-May-2018,7918.60,7896.50,7914.00,7780.00,7780.00,7792.95,7837.70,1652,498,1016,61.50
17-May-2018,7792.95,7800.00,7965.00,7710.00,7720.10,7727.65,7794.85,1576,723,823,52.22
18-May-2018,7727.65,7662.00,7800.00,7600.00,7649.00,7611.50,7662.49,1681,536,861,51.22
21-May-2018,7611.50,7610.00,7698.95,7451.30,7465.00,7477.70,7538.65,1371,543,949,69.22
22-May-2018,7477.70,7506.00,7537.70,7235.05,7240.05,7301.05,7381.08,3493,953,2645,75.72
23-May-2018,7301.05,7300.00,7422.00,7245.15,7261.00,7271.35,7311.22,1670,659,948,56.77
24-May-2018,7271.35,7320.00,7420.00,7261.00,7420.00,7388.80,7379.88,2227,723,1487,66.77
25-May-2018,7388.80,7318.90,7439.95,7305.00,7325.00,7347.90,7351.17,2207,941,1773,80.34
28-May-2018,7347.90,7347.00,7979.95,7347.00,7570.00,7578.30,7679.06,18004,5674,4299,23.88
29-May-2018,7578.30,7585.00,7648.95,7426.00,7454.00,7455.00,7511.64,4347,980,3446,79.27
30-May-2018,7455.00,7455.05,7540.00,7400.00,7425.00,7452.30,7477.89,1414,673,715,50.57
31-May-2018,7452.30,7481.65,7515.00,7375.00,7450.00,7461.55,7456.07,4759,1114,3653,76.76
01-Jun-2018,7461.55,7514.00,7514.00,7200.00,7220.00,7247.90,7284.41,15337,2892,12867,83.90
04-Jun-2018,7247.90,7205.00,7299.55,7122.10,7150.00,7153.10,7214.95,13030,686,11337,87.01
05-Jun-2018,7153.10,7140.00,7218.85,7135.10,7164.90,7160.60,7183.44,2470,731,1907,77.21
06-Jun-2018,7160.60,7159.95,7159.95,6979.00,7105.00,7103.80,7091.04,1975,683,1224,61.97
07-Jun-2018,7103.80,7104.00,7201.05,7060.15,7140.00,7157.00,7125.34,12656,2607,10188,80.50
08-Jun-2018,7157.00,7199.00,7259.00,7125.00,7180.00,7246.20,7217.40,4996,2295,3274,65.53
11-Jun-2018,7246.20,7319.00,7319.00,7149.95,7215.05,7217.25,7231.70,5742,1300,3738,65.10
12-Jun-2018,7217.25,7290.00,7400.00,7206.65,7384.95,7362.40,7321.91,5157,1828,3434,66.59
13-Jun-2018,7362.40,7399.00,7540.00,7325.55,7498.00,7493.20,7465.37,10783,2375,8549,79.28
14-Jun-2018,7493.20,7455.70,7569.00,7330.00,7349.00,7373.55,7431.53,2402,1217,1499,62.41
15-Jun-2018,7373.55,7373.55,7421.70,7300.00,7320.00,7345.00,7344.58,3028,1565,1890,62.42
18-Jun-2018,7345.00,7345.00,7345.00,7105.10,7130.00,7151.80,7176.21,5672,1711,4028,71.02
19-Jun-2018,7151.80,7161.00,7180.05,7036.00,7117.00,7131.15,7114.29,3046,1030,1707,56.04
20-Jun-2018,7131.15,7121.00,7224.00,7085.10,7120.00,7116.20,7146.95,1803,936,807,44.76
21-Jun-2018,7116.20,7198.85,7198.85,7031.05,7150.00,7146.10,7149.84,1087,326,663,60.99
22-Jun-2018,7146.10,7125.90,7160.85,7082.00,7150.00,7150.35,7138.34,1076,363,732,68.03
25-Jun-2018,7150.35,7167.70,7200.00,7035.55,7036.10,7065.80,7114.76,942,489,622,66.03
26-Jun-2018,7065.80,7065.95,7065.95,6916.10,6995.00,7000.75,6998.67,3140,1439,1964,62.55
27-Jun-2018,7000.75,7000.75,7150.00,6911.05,7149.95,7067.10,7011.20,6158,1870,3539,57.47
28-Jun-2018,7067.10,7026.00,7190.00,6962.10,6999.90,7045.65,7044.48,3317,1145,1563,47.12
29-Jun-2018,7045.65,6955.00,7089.00,6955.00,6993.85,7026.00,7019.54,3614,867,1925,53.27
02-Jul-2018,7026.00,7010.00,7089.85,6953.05,7039.95,7016.50,7020.04,1982,622,1137,57.37
03-Jul-2018,7016.50,6931.50,7097.95,6920.00,6930.00,6960.00,7011.93,2087,627,1292,61.91
04-Jul-2018,6960.00,6935.05,7100.00,6890.00,7030.00,7039.90,6979.50,3139,1102,1314,41.86
05-Jul-2018,7039.90,7004.90,7091.30,6930.20,6949.65,6956.35,7001.90,15786,613,15026,95.19
06-Jul-2018,6956.35,6932.05,7026.65,6865.00,6865.00,6880.40,6922.66,4644,1244,3111,66.99
09-Jul-2018,6880.40,6890.10,7047.25,6890.10,7000.00,6996.85,6970.86,2685,542,1934,72.03
10-Jul-2018,6996.85,7049.90,7100.00,7001.10,7026.00,7063.05,7055.96,1901,441,1335,70.23
11-Jul-2018,7063.05,7063.00,7124.00,7001.10,7001.10,7034.50,7078.68,756,274,469,62.04
12-Jul-2018,7034.50,7069.60,7270.00,7021.05,7168.95,7205.95,7183.74,2902,852,1801,62.06
13-Jul-2018,7205.95,7241.90,7241.90,7066.55,7098.90,7127.55,7157.73,1297,563,808,62.30
16-Jul-2018,7127.55,7093.00,7129.80,6980.00,7009.90,7001.75,7029.61,2826,862,1978,69.99
17-Jul-2018,7001.75,7000.00,7049.55,6952.00,6984.00,6980.15,7004.02,1861,538,1318,70.82
18-Jul-2018,6980.15,7044.50,7044.50,6890.00,6890.00,6931.85,6957.94,4186,1495,3068,73.29
19-Jul-2018,6931.85,6888.95,6931.80,6766.00,6799.00,6788.10,6852.43,5165,846,4020,77.83
20-Jul-2018,6788.10,6822.00,6822.00,6651.10,6699.85,6693.95,6703.15,4978,1789,3791,76.16
23-Jul-2018,6693.95,6660.40,6778.35,6625.00,6666.00,6658.80,6670.18,1602,566,1054,65.79
24-Jul-2018,6658.80,6660.15,6969.30,6660.15,6810.00,6888.15,6790.49,4018,1646,1749,43.53
25-Jul-2018,6888.15,6948.85,6989.95,6750.00,6790.00,6794.60,6896.34,8485,2430,4193,49.42
26-Jul-2018,6794.60,6817.70,6960.00,6817.70,6936.50,6902.45,6896.94,1782,635,914,51.29
27-Jul-2018,6902.45,6905.05,6936.85,6800.00,6826.00,6838.10,6850.31,4161,760,2394,57.53
30-Jul-2018,6838.10,6806.00,6960.30,6680.40,6685.00,6697.65,6724.25,4212,874,3476,82.53
31-Jul-2018,6697.65,6720.00,6720.00,6601.40,6649.95,6661.55,6645.10,4158,1622,2975,71.55
01-Aug-2018,6661.55,6605.15,6743.95,6605.10,6630.00,6648.15,6665.58,1569,542,822,52.39
02-Aug-2018,6648.15,6648.15,6680.70,6543.00,6599.00,6552.05,6572.83,4991,1069,3707,74.27
03-Aug-2018,6552.05,6584.85,6774.85,6584.85,6726.00,6743.90,6744.97,16778,910,15525,92.53
06-Aug-2018,6743.90,6743.90,6800.00,6670.00,6697.85,6687.35,6722.51,2197,719,1590,72.37
07-Aug-2018,6687.35,6680.00,6746.95,6617.95,6651.50,6669.10,6667.12,1295,417,713,55.06
08-Aug-2018,6669.10,6650.10,6820.00,6650.10,6725.00,6732.90,6755.64,1640,626,714,43.54
09-Aug-2018,6732.90,6818.00,6818.00,6700.00,6710.00,6721.85,6742.19,1046,442,774,74.00
10-Aug-2018,6721.85,6766.00,6799.95,6676.15,6750.00,6747.50,6746.63,8802,1195,8014,91.05
13-Aug-2018,6747.50,6750.00,6750.00,6630.00,6678.00,6671.15,6696.98,1089,339,731,67.13
14-Aug-2018,6671.15,6711.00,6750.10,6663.05,6749.95,6749.85,6745.66,2188,624,1791,81.86
16-Aug-2018,6749.85,6701.10,6750.00,6700.00,6700.00,6708.90,6719.40,799,281,559,69.96
17-Aug-2018,6708.90,6720.00,6835.00,6715.30,6735.05,6747.50,6766.75,9418,1732,6598,70.06
20-Aug-2018,6747.50,6703.10,6794.85,6703.10,6725.00,6717.20,6739.38,1960,399,1545,78.83
21-Aug-2018,6717.20,6700.00,6790.45,6700.00,6726.00,6771.85,6766.44,2570,660,1724,67.08
23-Aug-2018,6771.85,6706.00,6823.00,6706.00,6800.00,6800.65,6781.77,3135,1293,2653,84.63
24-Aug-2018,6800.65,6752.05,6908.20,6735.00,6770.00,6775.25,6819.95,5017,851,4208,83.87
27-Aug-2018,6775.25,6771.20,7446.00,6771.20,7187.00,7255.45,7218.05,19101,4663,5710,29.89
28-Aug-2018,7255.45,7325.00,7400.00,7150.00,7169.95,7168.45,7267.77,4777,1527,1782,37.30
29-Aug-2018,7168.45,7165.00,7374.95,7120.15,7165.95,7157.65,7255.17,4163,909,2049,49.22
30-Aug-2018,7157.65,7112.00,7345.00,7075.00,7091.10,7122.20,7185.51,2796,685,806,28.83
31-Aug-2018,7122.20,7122.20,7280.10,7050.10,7139.80,7160.70,7164.08,2793,870,1581,56.61
03-Sep-2018,7160.70,7101.10,7250.00,6971.50,7000.00,7045.95,7144.20,2578,676,1501,58.22
04-Sep-2018,7045.95,7100.00,7129.90,7000.00,7031.00,7036.90,7059.27,2491,694,1802,72.34
05-Sep-2018,7036.90,6971.00,7038.10,6837.00,6993.00,6965.35,6934.56,2145,613,1653,77.06
06-Sep-2018,6965.35,7010.00,7040.05,6902.00,6954.00,6941.90,6939.45,2227,733,1117,50.16
07-Sep-2018,6941.90,6911.60,6999.95,6825.00,6867.00,6882.45,6908.36,5112,1010,3236,63.30
10-Sep-2018,6882.45,6882.45,6998.00,6862.05,6968.00,6947.85,6916.67,1491,516,1176,78.87
11-Sep-2018,6947.85,6920.15,6997.00,6854.60,6915.00,6907.80,6914.95,2528,640,1543,61.04
12-Sep-2018,6907.80,6883.15,7045.00,6868.50,6990.00,7004.60,6963.00,2917,940,1987,68.12
14-Sep-2018,7004.60,7099.00,7150.00,6950.00,7055.00,7113.25,7089.09,1364,510,989,72.51
18-Sep-2018,7010.40,7068.95,7068.95,6830.00,6870.05,6858.15,6922.01,1589,676,1084,68.22
19-Sep-2018,6858.15,6904.40,7069.95,6825.15,6950.00,6951.60,6991.13,7511,944,6302,83.90
21-Sep-2018,6951.60,7000.00,7056.90,6812.20,6915.10,7010.80,6969.82,7311,2796,5433,74.31
24-Sep-2018,7010.80,7010.00,7050.00,6831.00,6831.00,6893.25,6915.21,2891,1126,1438,49.74
25-Sep-2018,6893.25,6988.00,6988.00,6749.95,6800.00,6788.05,6849.67,3303,2020,2127,64.40
26-Sep-2018,6788.05,6841.35,6990.00,6810.50,6851.00,6906.00,6906.35,3112,1824,1698,54.56
27-Sep-2018,6906.00,6960.00,6960.00,6790.00,6869.00,6819.10,6908.86,3649,1195,2982,81.72
28-Sep-2018,6819.10,6780.00,7150.00,6583.75,6950.00,6890.20,6721.37,10000,2220,8971,89.71
01-Oct-2018,6890.20,6984.90,6984.90,6648.20,6726.50,6726.20,6734.72,4218,820,3237,76.74
04-Oct-2018,6649.80,6600.00,6630.00,6400.10,6405.10,6421.80,6457.65,5653,1475,4859,85.95
05-Oct-2018,6421.80,6400.00,6499.70,6300.00,6300.00,6346.45,6373.43,3013,1110,2164,71.82
08-Oct-2018,6346.45,6300.00,6394.00,6175.00,6199.00,6203.70,6238.36,3784,1370,2614,69.08
09-Oct-2018,6203.70,6250.20,6250.20,6033.00,6059.50,6065.30,6116.56,5282,1703,3308,62.63
10-Oct-2018,6065.30,6100.00,6300.00,6029.60,6290.10,6247.95,6209.26,2390,536,1533,64.14
11-Oct-2018,6247.95,6249.00,6545.00,5990.00,6499.70,6465.00,6261.62,4450,1075,2406,54.07
12-Oct-2018,6465.00,6335.75,6599.95,6335.75,6497.00,6490.95,6487.68,1666,396,1293,77.61
15-Oct-2018,6490.95,6490.00,6600.00,6390.00,6449.95,6438.20,6469.21,1023,312,809,79.08
16-Oct-2018,6438.20,6365.70,6729.50,6365.70,6550.00,6605.25,6585.72,1590,495,1021,64.21
17-Oct-2018,6605.25,6600.00,6600.00,6430.10,6500.00,6486.55,6496.24,5305,2635,3807,71.76
19-Oct-2018,6486.55,6639.95,6639.95,6380.00,6590.00,6595.45,6500.37,1756,828,701,39.92
22-Oct-2018,6595.45,6595.50,6595.50,6298.05,6399.80,6367.05,6476.27,4837,948,3774,78.02
23-Oct-2018,6367.05,6271.55,6645.00,6271.55,6585.00,6556.35,6470.02,5976,2626,3944,66.00
24-Oct-2018,6556.35,6460.00,6672.35,6351.00,6438.95,6424.65,6484.36,876,337,431,49.20
25-Oct-2018,6424.65,6333.30,6541.55,6300.00,6330.00,6322.40,6421.47,2432,928,584,24.01
26-Oct-2018,6322.40,6245.75,6391.95,6245.75,6295.00,6298.95,6332.33,2174,925,577,26.54
29-Oct-2018,6298.95,6300.00,6450.00,6270.00,6385.85,6326.40,6315.99,4083,860,2735,66.99
30-Oct-2018,6326.40,6300.00,6400.00,6223.95,6300.00,6302.00,6284.50,6632,2059,3639,54.87
31-Oct-2018,6302.00,6280.05,6397.85,6217.35,6260.00,6301.70,6283.20,3669,1569,2166,59.04
01-Nov-2018,6301.70,6268.05,6450.00,6268.05,6450.00,6413.60,6375.16,1327,532,501,37.75
02-Nov-2018,6413.60,6410.05,6725.00,6410.05,6694.90,6654.90,6624.66,2807,1486,1503,53.54
05-Nov-2018,6654.90,6740.00,6979.85,6587.15,6676.25,6682.45,6770.30,4641,1424,-,-
06-Nov-2018,6682.45,6700.10,6946.95,6700.10,6801.00,6791.00,6850.55,2028,1005,605,29.83
07-Nov-2018,6791.00,6815.00,6898.30,6815.00,6834.95,6841.50,6848.26,312,114,263,84.29
09-Nov-2018,6841.50,6780.05,6885.00,6730.00,6850.00,6858.65,6829.82,1608,704,538,33.46
12-Nov-2018,6858.65,6859.00,6950.00,6820.00,6850.05,6846.65,6885.03,1947,731,640,32.87
13-Nov-2018,6846.65,6847.00,6847.00,6716.60,6786.90,6755.25,6774.86,620,400,417,67.26
14-Nov-2018,6755.25,6755.25,6779.40,6600.25,6777.00,6669.05,6697.91,1085,359,556,51.24
15-Nov-2018,6669.05,6778.85,6820.00,6645.15,6819.00,6803.15,6763.37,927,482,524,56.53
16-Nov-2018,6803.15,6842.05,6842.05,6650.00,6655.00,6674.30,6707.36,2061,793,1280,62.11
19-Nov-2018,6674.30,6723.05,6981.00,6666.10,6975.00,6933.85,6838.14,8221,1182,6459,78.57
20-Nov-2018,6933.85,6950.00,6950.10,6800.05,6800.05,6816.30,6873.45,962,403,350,36.38
21-Nov-2018,6816.30,6830.00,6879.00,6626.00,6640.00,6657.35,6717.30,2039,536,1167,57.23
22-Nov-2018,6657.35,6630.00,6739.00,6505.00,6535.00,6529.05,6652.08,12299,1324,11100,90.25
26-Nov-2018,6529.05,6580.00,6600.05,6521.00,6521.00,6527.50,6575.10,2899,327,2484,85.68
27-Nov-2018,6527.50,6578.00,6678.80,6454.00,6677.00,6637.80,6532.91,17201,741,15675,91.13
28-Nov-2018,6637.80,6636.95,6850.00,6601.30,6780.30,6788.50,6742.84,1905,552,1087,57.06
29-Nov-2018,6788.50,6799.95,6935.85,6730.00,6928.00,6914.55,6871.49,1893,695,1370,72.37
30-Nov-2018,6914.55,6890.95,6895.00,6700.00,6700.15,6769.00,6784.43,2283,1293,1687,73.89
03-Dec-2018,6769.00,6750.05,6754.95,6550.00,6597.00,6574.95,6631.08,2588,978,1551,59.93
04-Dec-2018,6574.95,6574.95,6630.15,6550.00,6620.00,6617.40,6606.44,2326,645,1778,76.44
05-Dec-2018,6617.40,6617.40,6675.00,6510.65,6512.15,6542.90,6601.32,3923,875,3467,88.38
06-Dec-2018,6542.90,6504.00,6588.65,6450.30,6469.95,6483.55,6500.26,830,392,613,73.86
07-Dec-2018,6483.55,6498.25,6535.00,6323.85,6399.00,6391.40,6433.64,2873,981,2146,74.70
10-Dec-2018,6391.40,6379.00,6445.00,6185.00,6290.25,6298.35,6317.95,3974,1259,2408,60.59
11-Dec-2018,6298.35,6211.00,6650.00,6210.00,6650.00,6604.45,6370.16,6082,1911,3355,55.16
12-Dec-2018,6604.45,6649.90,6920.00,6540.00,6900.00,6896.55,6828.52,5694,2000,3471,60.96
13-Dec-2018,6896.55,6899.40,7050.50,6799.00,6950.00,6937.65,6952.49,11248,2857,7359,65.42
14-Dec-2018,6937.65,6986.95,6986.95,6690.30,6700.50,6723.75,6793.74,2404,1051,1368,56.91
17-Dec-2018,6723.75,6650.00,7045.00,6650.00,6930.00,6982.00,6974.85,20558,5425,16140,78.51
18-Dec-2018,6982.00,6937.45,6957.10,6780.00,6840.00,6837.45,6868.49,971,420,481,49.54
19-Dec-2018,6837.45,6900.00,7000.00,6767.70,6950.00,6980.20,6944.73,8420,1689,5253,62.39
20-Dec-2018,6980.20,6938.40,6950.00,6803.05,6849.00,6842.10,6877.71,1424,454,857,60.18
21-Dec-2018,6842.10,6899.95,6919.00,6720.10,6784.00,6801.80,6788.64,3373,1096,1776,52.65
24-Dec-2018,6801.80,6705.00,6818.75,6669.95,6695.00,6698.75,6736.38,1210,584,468,38.68
26-Dec-2018,6698.75,6757.25,6990.00,6680.10,6800.00,6814.40,6772.18,1582,453,628,39.70
27-Dec-2018,6814.40,6821.00,6910.00,6766.05,6770.00,6793.55,6849.81,1945,763,1078,55.42
28-Dec-2018,6793.55,6751.00,7039.85,6751.00,6975.00,6993.60,6978.98,8549,3076,5097,59.62
31-Dec-2018,6993.60,6993.50,7005.00,6849.90,6901.40,6965.80,6950.21,3638,877,2500,68.72
01-Jan-2019,6965.80,6988.90,6988.90,6840.05,6841.40,6874.80,6880.18,617,246,285,46.19
02-Jan-2019,6874.80,6901.65,6901.70,6820.00,6859.95,6853.15,6852.95,384,171,238,61.98
03-Jan-2019,6853.15,6880.00,6880.00,6759.30,6759.30,6790.80,6815.87,712,459,440,61.80
04-Jan-2019,6790.80,6782.45,6849.85,6700.00,6718.80,6708.55,6739.94,2057,591,1023,49.73
07-Jan-2019,6708.55,6716.30,6785.00,6451.50,6453.00,6474.55,6549.40,4915,1343,3003,61.10
08-Jan-2019,6474.55,6524.00,6539.60,6380.00,6395.00,6395.90,6427.14,2053,596,1099,53.53
09-Jan-2019,6395.90,6399.05,6450.00,6351.05,6370.00,6379.35,6384.31,5088,707,4259,83.71
10-Jan-2019,6379.35,6378.00,6509.85,6375.05,6470.00,6482.55,6455.52,3406,758,2532,74.34
11-Jan-2019,6482.55,6480.00,6485.00,6355.00,6390.00,6382.05,6429.84,3142,580,2562,81.54
14-Jan-2019,6382.05,6490.00,6490.00,6350.70,6381.45,6399.15,6400.68,1347,554,1072,79.58
15-Jan-2019,6399.15,6412.05,6412.05,6321.15,6326.05,6339.45,6358.44,1756,557,1124,64.01
16-Jan-2019,6339.45,6352.35,6444.35,6345.45,6400.30,6407.35,6402.26,4027,2491,2665,66.18
17-Jan-2019,6407.35,6429.00,6509.80,6391.85,6450.00,6446.85,6449.31,2272,1041,1422,62.59
18-Jan-2019,6446.85,6387.00,6493.80,6345.55,6370.00,6384.45,6393.60,747,261,522,69.88
21-Jan-2019,6384.45,6409.00,6424.00,6281.05,6283.05,6317.40,6347.83,6979,492,6210,88.98
22-Jan-2019,6317.40,6340.00,6389.95,6280.00,6322.00,6352.35,6304.58,5530,529,4423,79.98
23-Jan-2019,6352.35,6350.80,6350.80,6262.20,6340.00,6326.50,6298.41,1404,395,723,51.50
24-Jan-2019,6326.50,6342.60,6509.80,6301.10,6509.80,6459.75,6416.70,1617,660,1139,70.44
25-Jan-2019,6459.75,6450.00,6460.00,6190.00,6282.00,6262.50,6299.37,4494,1178,3166,70.45
28-Jan-2019,6262.50,6400.00,6400.00,6152.00,6261.00,6249.20,6237.66,1458,623,758,51.99
29-Jan-2019,6249.20,6299.95,6341.50,6070.00,6299.45,6284.65,6218.28,2890,1097,1159,40.10
30-Jan-2019,6284.65,6390.00,6390.00,6202.00,6202.10,6260.40,6243.19,1303,826,708,54.34
31-Jan-2019,6260.40,6237.40,6289.95,6221.00,6225.50,6228.40,6234.62,2419,918,1909,78.92
01-Feb-2019,6228.40,6220.00,6299.00,6151.00,6151.00,6189.20,6240.63,2175,1031,1406,64.64
04-Feb-2019,6189.20,6248.95,6248.95,6052.60,6094.00,6119.10,6161.78,2314,972,1411,60.98
05-Feb-2019,6119.10,6071.25,6390.00,6071.25,6360.00,6333.05,6282.82,9854,2204,5261,53.39
06-Feb-2019,6333.05,6305.70,6480.80,6259.00,6259.00,6299.45,6331.41,7629,2603,5726,75.06
07-Feb-2019,6299.45,6289.95,6290.00,6215.00,6225.30,6241.05,6249.70,969,407,735,75.85
08-Feb-2019,6241.05,6263.00,6270.00,6155.00,6209.00,6210.95,6228.45,648,285,369,56.94
11-Feb-2019,6210.95,6200.00,6225.00,6097.00,6225.00,6212.60,6154.00,1354,458,713,52.66
12-Feb-2019,6212.60,6212.60,6212.60,6121.10,6156.00,6171.25,6177.45,10360,980,9770,94.31
13-Feb-2019,6171.25,6180.20,6240.00,6010.00,6175.00,6198.05,6161.48,8940,1752,5609,62.74
14-Feb-2019,6198.05,6219.00,6219.00,6050.00,6050.00,6063.75,6091.78,1809,459,1072,59.26
15-Feb-2019,6063.75,6050.00,6116.50,5840.10,5911.10,5952.55,5958.67,10569,3404,6797,64.31
18-Feb-2019,5952.55,6000.00,6000.00,5854.00,5874.00,5872.50,5885.37,1154,414,718,62.22
19-Feb-2019,5872.50,5936.00,5979.90,5853.00,5875.00,5872.05,5901.76,1101,277,580,52.68
20-Feb-2019,5872.05,5888.70,6020.00,5841.65,5860.30,5947.85,5943.58,26824,3301,14022,52.27
21-Feb-2019,5947.85,5950.00,5959.55,5852.00,5942.95,5925.85,5914.26,2116,925,916,43.29
22-Feb-2019,5925.85,5923.95,5940.00,5862.10,5910.00,5908.65,5903.34,1540,369,1231,79.94
25-Feb-2019,5908.65,5890.00,6260.50,5862.60,6100.00,6153.30,6117.97,59849,5721,37036,61.88
26-Feb-2019,6153.30,6099.90,6630.00,6030.30,6620.00,6506.60,6419.58,44306,5001,25861,58.37
27-Feb-2019,6506.60,6508.00,6590.00,6326.55,6384.00,6393.70,6442.68,3918,1774,1369,34.94
28-Feb-2019,6393.70,6390.00,6930.00,6390.00,6788.00,6805.85,6727.80,17939,3030,11753,65.52
01-Mar-2019,6805.85,6750.00,6800.00,6474.00,6497.90,6525.40,6666.70,11043,2175,5282,47.83
05-Mar-2019,6525.40,6495.90,6574.00,6330.00,6445.00,6441.10,6470.83,11839,3206,5993,50.62
06-Mar-2019,6441.10,6484.00,6544.90,6390.05,6441.00,6447.85,6494.20,1604,564,1004,62.59
07-Mar-2019,6447.85,6465.00,6514.95,6400.00,6400.00,6412.10,6461.31,2099,693,1832,87.28
08-Mar-2019,6412.10,6407.50,6488.05,6256.00,6273.00,6302.25,6325.13,2092,605,1015,48.52
11-Mar-2019,6302.25,6399.00,6399.00,6270.00,6300.20,6302.00,6302.95,6678,1068,4920,73.67
12-Mar-2019,6302.00,6380.00,6442.25,6313.15,6359.00,6386.95,6372.02,3237,681,2099,64.84
13-Mar-2019,6386.95,6370.00,6565.00,6370.00,6500.00,6500.55,6482.15,2015,646,1204,59.75
14-Mar-2019,6500.55,6557.30,6557.30,6400.00,6460.00,6414.80,6427.64,775,308,366,47.23
15-Mar-2019,6414.80,6459.95,6479.95,6350.00,6423.00,6406.95,6398.96,1877,690,1095,58.34
18-Mar-2019,6406.95,6406.95,6414.00,6263.05,6263.05,6303.35,6314.65,2045,1026,1302,63.67
19-Mar-2019,6303.35,6300.00,6393.20,6200.00,6207.90,6210.80,6263.44,4079,1846,2140,52.46
20-Mar-2019,6210.80,6340.00,6340.00,6162.05,6205.00,6217.80,6212.81,1732,658,1054,60.85
22-Mar-2019,6217.80,6289.90,6289.90,6175.10,6249.95,6232.30,6211.49,1406,575,930,66.15
25-Mar-2019,6232.30,6232.75,6232.75,6179.95,6218.90,6193.60,6202.10,530,294,395,74.53
26-Mar-2019,6193.60,6274.95,6274.95,6131.00,6250.00,6216.80,6205.95,673,295,415,61.66
27-Mar-2019,6216.80,6189.10,6449.00,6189.05,6370.00,6340.40,6304.10,2176,738,1388,63.79
28-Mar-2019,6340.40,6370.40,6379.15,6301.00,6325.25,6336.70,6346.53,544,255,321,59.01
29-Mar-2019,6336.70,6767.00,7100.00,6511.10,6666.00,6662.05,6787.79,103059,15404,48064,46.64
01-Apr-2019,6662.05,6740.00,6740.00,6611.20,6649.80,6642.40,6690.54,4857,1491,2494,51.35
02-Apr-2019,6642.40,6694.80,6694.80,6509.75,6556.00,6543.25,6600.95,5070,1165,3019,59.55
03-Apr-2019,6543.25,6529.00,6529.00,6368.15,6395.00,6395.55,6407.30,17071,3262,11940,69.94
04-Apr-2019,6395.55,6353.05,6399.95,6302.60,6350.00,6344.90,6331.09,3704,1038,2409,65.04
05-Apr-2019,6344.90,6330.00,6396.00,6300.10,6330.00,6326.25,6320.24,4566,1672,3186,69.78
08-Apr-2019,6326.25,6326.25,6374.00,6301.05,6349.90,6333.95,6323.85,3406,1432,2514,73.81
09-Apr-2019,6333.95,6349.95,6356.80,6315.00,6350.00,6346.25,6331.33,3847,939,2735,71.09
10-Apr-2019,6346.25,6349.95,6370.00,6335.00,6345.85,6351.05,6350.93,1808,402,1048,57.96
11-Apr-2019,6351.05,6335.05,6369.00,6306.15,6350.00,6350.25,6347.15,3394,428,2484,73.19
12-Apr-2019,6350.25,6369.95,6369.95,6318.00,6320.85,6318.60,6341.92,7883,466,6847,86.86
15-Apr-2019,6318.60,6311.05,6365.70,6271.00,6289.00,6296.10,6309.87,12380,1293,10922,88.22
16-Apr-2019,6296.10,6315.00,6379.00,6265.00,6312.00,6326.90,6311.98,7594,3745,5976,78.69
18-Apr-2019,6326.90,6314.20,6358.95,6264.00,6300.00,6302.85,6305.44,3868,1615,1283,33.17
22-Apr-2019,6302.85,6275.00,6325.60,6255.00,6276.00,6304.80,6301.60,14374,1519,13565,94.37
23-Apr-2019,6304.80,6273.00,6320.00,6270.00,6280.00,6307.50,6309.01,2448,1184,1529,62.46
24-Apr-2019,6307.50,6307.60,6350.05,6272.15,6300.00,6300.80,6308.54,7131,514,4259,59.73
25-Apr-2019,6300.80,6265.00,6320.00,6265.00,6296.95,6293.35,6297.42,1483,316,1088,73.36
26-Apr-2019,6293.35,6299.95,6311.00,6280.00,6280.00,6283.00,6292.70,1507,772,1035,68.68
30-Apr-2019,6283.00,6280.00,6283.05,6256.00,6256.10,6257.30,6258.89,2324,295,1974,84.94
02-May-2019,6257.30,6250.15,6250.15,6210.00,6226.80,6218.25,6221.95,1343,340,1155,86.00
03-May-2019,6218.25,6218.25,6318.00,6201.30,6315.00,6312.55,6305.36,4933,3215,3051,61.85
06-May-2019,6312.55,6348.00,6348.00,6251.05,6312.95,6312.75,6312.31,3117,2186,2292,73.53
08-May-2019,6232.20,6207.00,6299.95,6140.00,6220.00,6210.60,6202.15,4295,667,1673,38.95
09-May-2019,6210.60,6269.00,6269.00,6195.00,6195.00,6201.85,6206.26,818,267,566,69.19
10-May-2019,6201.85,6186.05,6236.20,6171.00,6185.00,6176.80,6179.80,2307,275,2073,89.86
13-May-2019,6176.80,6209.80,6290.00,6145.00,6209.10,6250.75,6239.05,3526,1708,2479,70.31
14-May-2019,6250.75,6160.10,6234.35,6151.00,6169.95,6161.85,6171.55,4637,618,3593,77.49
15-May-2019,6161.85,6247.70,6290.00,6182.95,6250.00,6242.15,6247.43,2728,1967,1837,67.34
16-May-2019,6242.15,6206.85,6265.95,6194.95,6195.90,6196.10,6203.26,3849,469,3305,85.87
17-May-2019,6196.10,6209.90,6210.00,6118.00,6140.00,6133.40,6183.82,19362,1506,18020,93.07
20-May-2019,6133.40,6200.00,6218.45,6150.00,6163.00,6190.75,6196.29,3923,2054,3079,78.49
21-May-2019,6190.75,6245.00,6245.00,6070.00,6084.00,6087.85,6110.11,10377,2953,7255,69.91
22-May-2019,6087.85,6090.15,6228.70,6051.00,6185.30,6205.70,6185.66,7677,2276,4600,59.92
23-May-2019,6205.70,6207.05,6254.40,6165.50,6206.80,6207.20,6206.37,3927,985,3330,84.80
24-May-2019,6207.20,6208.45,6234.00,6175.00,6229.00,6210.40,6208.93,4343,1109,3614,83.21
27-May-2019,6210.40,6175.10,6217.30,6140.00,6209.00,6204.15,6206.96,3056,2006,2403,78.63
28-May-2019,6204.15,6180.15,6318.00,6164.60,6230.00,6297.05,6267.94,16057,3328,10649,66.32
29-May-2019,6297.05,6248.95,6588.45,6202.20,6473.60,6444.45,6421.95,29362,2517,18405,62.68
30-May-2019,6444.45,6444.05,6500.00,6248.00,6248.00,6280.85,6335.05,2235,723,1212,54.23
31-May-2019,6280.85,6278.55,6319.00,6203.00,6279.45,6283.60,6294.83,3725,1842,2659,71.38
03-Jun-2019,6283.60,6271.00,6295.00,6200.10,6201.00,6208.60,6229.06,1536,729,929,60.48
04-Jun-2019,6208.60,6236.50,6284.85,6194.95,6200.00,6204.90,6214.23,2454,542,1109,45.19
06-Jun-2019,6204.90,6210.00,6238.70,6150.20,6169.75,6163.75,6188.42,2660,840,2128,80.00
07-Jun-2019,6163.75,6198.85,6209.90,6151.00,6155.00,6159.35,6163.89,2726,515,2243,82.28
10-Jun-2019,6159.35,6172.90,6190.00,6150.20,6179.90,6163.45,6160.99,1353,433,1120,82.78
11-Jun-2019,6163.45,6157.10,6195.00,6155.00,6175.00,6175.70,6174.59,1496,586,1224,81.82
12-Jun-2019,6175.70,6190.45,6190.45,6125.00,6146.90,6138.15,6149.89,3475,641,3029,87.17
13-Jun-2019,6138.15,6125.50,6197.90,6111.00,6151.00,6164.70,6130.95,2511,346,1747,69.57
14-Jun-2019,6164.70,6146.55,6158.50,6116.00,6120.00,6121.75,6127.16,1585,658,1119,70.60
18-Jun-2019,6120.20,6103.05,6169.85,6101.05,6145.00,6132.75,6120.19,14755,228,14407,96.36
19-Jun-2019,6132.75,6148.90,6148.90,6101.00,6114.00,6105.55,6109.81,1236,407,1044,84.47
20-Jun-2019,6105.55,6124.95,6154.95,6100.10,6139.95,6131.50,6124.97,1832,309,1239,67.63
21-Jun-2019,6131.50,6165.10,6205.00,6103.00,6184.00,6197.65,6168.03,1989,973,1425,71.64
24-Jun-2019,6197.65,6197.65,6197.65,6111.00,6129.00,6113.55,6124.88,1108,607,746,67.33
25-Jun-2019,6113.55,6130.25,6190.00,6120.00,6134.05,6150.45,6160.42,953,368,587,61.59
26-Jun-2019,6150.45,6155.00,6164.90,6086.05,6112.45,6115.05,6115.07,2697,526,1917,71.08
27-Jun-2019,6115.05,6122.45,6158.95,6110.00,6143.00,6135.45,6130.07,3737,1007,2745,73.45
28-Jun-2019,6135.45,6137.65,6149.00,6120.00,6140.00,6126.50,6129.04,1951,347,1584,81.19
01-Jul-2019,6126.50,6112.00,6150.00,6100.10,6115.00,6116.65,6117.59,2604,627,1919,73.69
02-Jul-2019,6116.65,6115.10,6186.85,6110.00,6165.00,6164.60,6147.99,1674,554,1049,62.66
03-Jul-2019,6164.60,6163.60,6177.50,6150.00,6177.00,6167.25,6165.44,789,323,553,70.09
04-Jul-2019,6167.25,6179.95,6241.90,6151.10,6171.00,6172.90,6188.92,6644,1818,3892,58.58
05-Jul-2019,6172.90,6133.00,6210.00,6133.00,6190.00,6181.25,6184.08,2875,1543,1800,62.61
08-Jul-2019,6181.25,6180.00,6236.00,6121.00,6150.00,6143.00,6157.50,6771,1406,5853,86.44
09-Jul-2019,6143.00,6149.05,6177.00,6120.10,6167.85,6160.70,6137.45,3116,426,2155,69.16
10-Jul-2019,6160.70,6164.95,6164.95,6126.05,6159.00,6155.05,6140.97,654,134,484,74.01
11-Jul-2019,6155.05,6154.80,6154.80,6130.00,6132.00,6133.10,6134.78,1129,139,914,80.96
12-Jul-2019,6133.10,6134.95,6160.00,6115.95,6145.00,6143.50,6139.43,1165,157,1015,87.12
15-Jul-2019,6143.50,6180.00,6180.00,6116.20,6128.05,6132.50,6135.80,353,90,216,61.19
16-Jul-2019,6132.50,6189.00,6189.00,6107.50,6112.00,6113.00,6114.74,5325,180,5213,97.90
17-Jul-2019,6113.00,6171.00,6171.00,6107.40,6114.25,6117.20,6113.86,1046,171,854,81.64
18-Jul-2019,6117.20,6118.25,6140.00,6106.00,6130.00,6117.45,6117.97,1722,281,1243,72.18
19-Jul-2019,6117.45,6107.65,6139.95,6086.00,6100.00,6096.30,6107.47,2935,360,2582,87.97
22-Jul-2019,6096.30,6102.70,6232.85,6090.00,6186.45,6180.85,6162.69,4529,496,3062,67.61
23-Jul-2019,6180.85,6179.00,6179.00,6111.00,6125.15,6123.15,6127.78,3153,693,2472,78.40
24-Jul-2019,6123.15,6127.10,6134.00,6103.20,6103.60,6104.35,6110.51,2387,324,2196,92.00
25-Jul-2019,6104.35,6082.50,6149.75,6082.50,6135.60,6138.95,6113.50,1429,604,981,68.65
26-Jul-2019,6138.95,6104.20,6199.00,6100.00,6160.85,6173.25,6181.41,7189,515,5040,70.11
29-Jul-2019,6173.25,6130.00,6166.00,6085.05,6086.10,6095.10,6102.83,6584,406,6167,93.67
30-Jul-2019,6095.10,6076.00,6110.00,6070.05,6080.00,6073.40,6086.13,2551,207,2386,93.53
31-Jul-2019,6073.40,6079.75,6107.00,6055.10,6072.00,6075.30,6077.84,1333,377,1057,79.29
01-Aug-2019,6075.30,6139.80,6139.80,6065.00,6100.00,6081.65,6077.56,1321,362,1030,77.97
02-Aug-2019,6081.65,6063.40,6099.95,6050.00,6080.00,6081.20,6067.40,1276,284,983,77.04
05-Aug-2019,6081.20,6046.70,6099.00,6046.70,6073.95,6062.75,6064.36,2273,278,1903,83.72
06-Aug-2019,6062.75,6006.00,6075.00,6001.00,6055.00,6063.55,6040.86,1741,338,898,51.58
07-Aug-2019,6063.55,6031.00,6125.50,6031.00,6067.00,6056.55,6050.91,1297,362,962,74.17
08-Aug-2019,6056.55,6109.95,6125.00,6041.00,6119.70,6115.75,6078.28,1463,467,1178,80.52
09-Aug-2019,6115.75,6089.00,6135.00,6081.00,6130.00,6122.25,6103.74,2238,745,1900,84.90
13-Aug-2019,6122.25,6123.00,6123.00,6035.05,6071.75,6051.90,6064.11,14373,703,13282,92.41
14-Aug-2019,6051.90,6035.00,6114.80,6035.00,6070.00,6075.90,6074.28,6352,917,4800,75.57
16-Aug-2019,6075.90,6050.00,6119.85,6030.00,6115.00,6101.20,6096.17,4458,1543,3828,85.87
19-Aug-2019,6101.20,6148.00,6148.00,6100.05,6105.00,6107.70,6104.88,953,322,828,86.88
20-Aug-2019,6107.70,6100.05,6118.00,6031.00,6080.00,6079.95,6072.65,2258,213,2028,89.81
21-Aug-2019,6079.95,6118.15,6157.45,6082.15,6100.00,6100.20,6114.89,4466,519,1971,44.13
22-Aug-2019,6100.20,6100.20,6150.00,6060.00,6071.00,6088.80,6099.56,5030,654,3631,72.19
23-Aug-2019,6088.80,6059.95,6098.00,5910.00,6051.00,6049.25,6009.83,7932,955,5258,66.29
26-Aug-2019,6049.25,6075.00,6104.90,6049.55,6101.00,6101.35,6087.54,560,127,480,85.71
27-Aug-2019,6101.35,6099.10,6149.00,6080.05,6130.05,6122.35,6110.74,7534,3673,5162,68.52
28-Aug-2019,6122.35,6101.05,6142.85,6086.00,6120.00,6121.45,6103.27,36883,342,36658,99.39
29-Aug-2019,6121.45,6169.95,6169.95,6070.00,6123.00,6113.85,6112.86,4511,341,2592,57.46
30-Aug-2019,6113.85,6128.60,6150.05,6101.00,6120.00,6122.05,6134.23,8635,339,4774,55.29
03-Sep-2019,6122.05,6180.00,6180.00,6050.00,6095.00,6091.65,6105.03,2291,649,1780,77.70
04-Sep-2019,6091.65,6083.70,6131.35,6077.30,6090.20,6098.80,6107.92,1274,182,922,72.37
05-Sep-2019,6098.80,6129.00,6129.00,6080.50,6085.00,6090.40,6098.52,924,134,820,88.74
06-Sep-2019,6090.40,6085.00,6112.00,6072.00,6107.30,6094.50,6091.11,3094,303,1638,52.94
09-Sep-2019,6094.50,6122.80,6131.85,6081.00,6097.00,6109.85,6101.78,691,158,517,74.82
11-Sep-2019,6109.85,6160.00,6160.00,6085.05,6118.45,6113.85,6109.67,1618,241,1094,67.61
12-Sep-2019,6113.85,6107.30,6139.00,6072.00,6072.00,6087.90,6101.75,2011,534,1760,87.52
13-Sep-2019,6087.90,6149.00,6149.00,6082.65,6100.00,6098.15,6101.31,964,181,853,88.49
16-Sep-2019,6098.15,6021.00,6221.05,6021.00,6150.00,6154.55,6153.11,3437,795,2245,65.32
17-Sep-2019,6154.55,6199.00,6199.00,6105.05,6105.50,6108.25,6135.17,2424,576,1183,48.80
18-Sep-2019,6108.25,6110.00,6139.40,6080.00,6097.00,6105.00,6107.74,904,156,655,72.46
19-Sep-2019,6105.00,6123.30,6123.30,6058.10,6060.00,6060.05,6064.87,4144,676,3719,89.74
20-Sep-2019,6060.05,6060.05,6144.00,6060.05,6119.95,6107.25,6114.64,5326,694,3175,59.61
23-Sep-2019,6107.25,6122.00,6399.00,6100.05,6340.00,6338.85,6283.13,31943,5688,16694,52.26
24-Sep-2019,6338.85,6390.70,6390.70,6155.00,6157.00,6184.85,6269.55,2917,587,1390,47.65
25-Sep-2019,6184.85,6206.00,6332.00,6146.05,6263.00,6290.60,6252.71,6677,1329,3943,59.05
26-Sep-2019,6290.60,6203.00,6280.00,6162.00,6162.00,6207.70,6227.11,1727,358,1047,60.63
27-Sep-2019,6207.70,6163.00,6299.95,6163.00,6274.95,6244.35,6243.93,4173,455,3027,72.54
30-Sep-2019,6244.35,6294.00,6323.95,6225.00,6290.00,6286.25,6279.13,3720,619,2475,66.53
01-Oct-2019,6286.25,6290.00,6362.05,6179.05,6190.00,6197.80,6258.70,3514,571,2012,57.26
03-Oct-2019,6197.80,6239.00,6239.00,6114.00,6117.00,6122.20,6164.52,11399,958,8260,72.46
04-Oct-2019,6122.20,6130.05,6159.95,6111.00,6130.00,6126.35,6136.57,2228,429,1368,61.40
07-Oct-2019,6126.35,6160.00,6229.00,6110.15,6160.10,6179.20,6167.26,3237,414,1508,46.59
09-Oct-2019,6179.20,6151.80,6197.50,6126.50,6141.00,6165.90,6150.93,1952,430,1165,59.68
10-Oct-2019,6165.90,6184.40,6184.40,6125.00,6149.90,6135.10,6138.00,9251,198,8608,93.05
11-Oct-2019,6135.10,6188.50,6188.60,6130.50,6145.00,6138.00,6138.31,1483,231,1076,72.56
14-Oct-2019,6138.00,6183.00,6183.00,6055.05,6082.00,6115.10,6133.51,12082,832,10525,87.11
15-Oct-2019,6115.10,6085.00,6150.00,6085.00,6092.00,6110.90,6111.16,1603,337,1197,74.67
16-Oct-2019,6110.90,6140.70,6140.70,6091.85,6106.00,6110.20,6109.27,829,517,653,78.77
17-Oct-2019,6110.20,6130.00,6158.25,6100.00,6135.00,6147.85,6143.02,6024,755,4739,78.67
18-Oct-2019,6147.85,6146.50,6214.05,6105.20,6150.00,6152.55,6150.81,35976,1645,32072,89.15
22-Oct-2019,6152.55,6190.00,6190.00,6136.80,6152.00,6167.15,6159.94,1545,474,1010,65.37
23-Oct-2019,6167.15,6197.95,6199.00,6101.00,6107.00,6108.25,6133.84,4089,435,3171,77.55
24-Oct-2019,6108.25,6140.00,6140.00,6080.00,6101.00,6103.45,6102.11,2495,311,1625,65.13
25-Oct-2019,6103.45,6080.05,6181.00,6080.05,6120.00,6135.90,6152.82,2839,345,2176,76.65
27-Oct-2019,6135.90,6108.05,6159.95,6105.10,6130.00,6124.05,6126.42,285,166,135,47.37
29-Oct-2019,6124.05,6083.10,6159.95,6083.10,6136.00,6147.60,6142.08,1507,336,851,56.47
30-Oct-2019,6147.60,6125.00,6245.00,6125.00,6220.00,6213.75,6198.91,3155,615,1782,56.48
31-Oct-2019,6213.75,6248.95,6249.00,6180.00,6200.00,6205.45,6212.34,5022,573,3041,60.55
01-Nov-2019,6205.45,6239.30,6299.00,6200.30,6220.00,6220.55,6243.97,6249,770,2949,47.19
04-Nov-2019,6220.55,6221.05,6279.80,6089.40,6168.00,6140.35,6144.32,27782,3553,10244,36.87
05-Nov-2019,6140.35,6128.90,6198.00,6100.05,6160.00,6172.80,6147.29,3860,561,1657,42.93
06-Nov-2019,6172.80,6156.95,6174.80,6145.00,6160.00,6158.95,6159.32,5841,397,5421,92.81
07-Nov-2019,6158.95,6114.55,6199.00,6103.50,6199.00,6186.30,6179.01,2310,692,720,31.17
08-Nov-2019,6186.30,6196.00,6196.95,6152.15,6171.00,6171.10,6168.31,899,182,738,82.09
11-Nov-2019,6171.10,6137.00,6185.00,6137.00,6169.00,6173.85,6162.66,2630,404,2409,91.60
13-Nov-2019,6173.85,6155.10,6249.95,6141.10,6144.20,6157.90,6167.96,2435,861,1731,71.09
14-Nov-2019,6157.90,6183.15,6222.95,6135.85,6214.00,6207.75,6179.79,1431,291,1139,79.59
15-Nov-2019,6207.75,6210.00,6219.10,6177.15,6215.00,6209.30,6203.98,1466,223,1103,75.24
18-Nov-2019,6209.30,6210.00,6247.30,6162.05,6202.00,6202.20,6210.90,1404,429,774,55.13
19-Nov-2019,6202.20,6239.95,6245.00,6200.00,6209.90,6220.60,6211.15,1230,469,662,53.82
20-Nov-2019,6220.60,6201.00,6250.00,6200.00,6205.00,6206.35,6207.98,2446,414,1565,63.98
21-Nov-2019,6206.35,6227.15,6236.35,6201.00,6208.00,6208.50,6211.61,986,211,649,65.82
22-Nov-2019,6208.50,6208.50,6249.50,6202.55,6219.40,6219.10,6219.47,1185,383,726,61.27
25-Nov-2019,6219.10,6229.95,6245.00,6205.00,6216.00,6223.00,6222.23,1088,511,601,55.24
26-Nov-2019,6223.00,6241.65,6325.00,6212.20,6290.00,6276.30,6267.10,7271,1215,4755,65.40
27-Nov-2019,6276.30,6275.00,6300.00,6226.30,6226.30,6252.85,6258.09,2446,418,1284,52.49
28-Nov-2019,6252.85,6274.75,6275.50,6222.80,6227.00,6229.10,6240.78,917,194,628,68.48
29-Nov-2019,6229.10,6247.85,6274.95,6216.35,6221.00,6231.75,6238.08,1088,345,586,53.86
02-Dec-2019,6231.75,6216.00,6289.75,6215.05,6215.05,6221.80,6237.05,4155,390,2958,71.19
03-Dec-2019,6221.80,6240.45,6264.95,6205.10,6211.00,6213.25,6215.74,1137,224,815,71.68
04-Dec-2019,6213.25,6230.55,6245.00,6205.00,6212.00,6220.15,6218.56,1672,473,1189,71.11
05-Dec-2019,6220.15,6217.95,6274.95,6206.50,6217.00,6227.05,6226.04,2749,970,1479,53.80
06-Dec-2019,6227.05,6217.40,6264.00,6206.10,6235.00,6222.85,6221.44,2908,556,2136,73.45
09-Dec-2019,6222.85,6222.80,6250.05,6212.00,6212.00,6216.60,6228.34,1345,175,588,43.72
10-Dec-2019,6216.60,6215.80,6271.00,6215.80,6260.00,6258.70,6244.11,1447,157,1291,89.22
13-Dec-2019,6270.75,6275.10,6363.70,6271.20,6337.00,6336.20,6315.93,8298,911,4465,53.81
27-Dec-2019,6359.55,6360.00,6421.95,6359.00,6371.00,6371.15,6367.97,637,253,399,62.64
30-Dec-2019,6371.15,6397.10,6500.00,6380.00,6490.00,6483.40,6463.21,2775,361,2087,75.21
31-Dec-2019,6483.40,6485.95,6497.90,6430.35,6480.00,6481.15,6461.20,901,371,561,62.26
01-Jan-2020,6481.15,6475.00,6570.00,6430.00,6545.00,6517.05,6483.60,4995,649,3715,74.37
02-Jan-2020,6517.05,6517.00,6599.00,6511.80,6570.00,6585.65,6566.52,2117,399,1344,63.49
03-Jan-2020,6585.65,6595.00,6604.95,6554.00,6598.00,6596.90,6595.55,3768,532,2988,79.30
