DATE,PREV_CLOSE,OPEN_PRICE,HIGH_PRICE,LOW_PRICE,LAST_PRICE,CLOSE_PRICE,AVG_PRICE,TTL_TRD_QNTY,NO_OF_TRADES,DELIV_QTY,DELIV_PER
02-Aug-2016,167.60,169.90,178.50,165.10,175.50,175.20,174.19,406228,5689,232834,57.32
03-Aug-2016,175.20,174.00,174.00,170.55,170.55,171.55,171.69,87934,1777,47226,53.71
04-Aug-2016,171.55,173.95,173.95,168.00,168.10,168.35,170.07,36884,784,17279,46.85
05-Aug-2016,168.35,172.50,174.40,169.10,170.00,170.30,171.72,114754,1898,26270,22.89
08-Aug-2016,170.30,171.55,172.00,167.80,168.10,168.10,169.01,33466,799,18003,53.79
09-Aug-2016,168.10,168.10,168.65,166.10,167.40,167.10,167.47,31511,667,13828,43.88
10-Aug-2016,167.10,168.60,171.95,167.00,170.00,169.25,169.78,98264,1072,60287,61.35
11-Aug-2016,169.25,169.00,169.70,164.25,164.45,165.25,166.53,42513,870,20198,47.51
12-Aug-2016,165.25,165.70,172.00,159.25,166.90,165.65,162.76,350984,4910,103655,29.53
16-Aug-2016,165.65,165.00,169.70,160.50,161.85,161.85,162.29,63984,591,46871,73.25
17-Aug-2016,161.85,161.10,162.90,160.10,160.50,160.55,161.26,35210,546,20684,58.74
18-Aug-2016,160.55,161.15,170.50,160.60,169.25,168.40,165.68,146366,1697,109951,75.12
19-Aug-2016,168.40,168.00,184.00,167.05,179.80,180.50,177.64,493027,6339,258598,52.45
22-Aug-2016,180.50,179.95,216.60,179.15,216.60,214.40,205.48,2075693,27909,513520,24.74
23-Aug-2016,214.40,213.90,214.75,205.35,209.00,209.25,209.90,768279,11759,160650,20.91
24-Aug-2016,209.25,206.00,225.60,206.00,218.55,218.55,219.53,1458610,19134,336240,23.05
25-Aug-2016,218.55,219.55,220.90,209.45,220.00,217.45,214.88,431011,7011,204462,47.44
26-Aug-2016,217.45,219.00,225.45,215.00,224.20,223.35,220.66,375108,5638,125899,33.56
29-Aug-2016,223.35,222.00,225.00,216.25,217.20,218.50,219.66,94532,2722,35860,37.93
30-Aug-2016,218.50,218.50,227.00,218.50,220.90,221.70,223.87,306844,4220,133452,43.49
31-Aug-2016,221.70,223.45,225.00,212.85,218.50,216.30,219.82,145806,2685,53507,36.70
01-Sep-2016,216.30,217.30,224.30,215.00,220.60,221.10,219.86,175068,3137,63070,36.03
02-Sep-2016,221.10,222.70,222.70,215.00,215.30,217.20,218.18,84482,1328,51692,61.19
06-Sep-2016,217.20,215.60,226.40,215.60,220.65,220.35,222.88,223634,4500,75672,33.84
07-Sep-2016,220.35,221.00,228.00,218.20,226.45,225.30,223.48,185949,2671,114439,61.54
08-Sep-2016,225.30,226.90,243.50,226.15,238.95,240.05,235.61,617229,8943,224742,36.41
09-Sep-2016,240.05,240.00,242.50,232.10,232.75,233.30,237.16,132683,2796,61807,46.58
12-Sep-2016,233.30,226.10,227.75,220.00,220.85,220.80,223.40,104905,2104,49620,47.30
14-Sep-2016,220.80,220.10,230.00,220.00,227.75,228.10,226.02,118625,2191,49408,41.65
15-Sep-2016,228.10,230.50,234.50,227.00,228.60,230.65,231.15,117185,3378,52155,44.51
16-Sep-2016,230.65,231.90,254.00,225.60,242.65,242.65,244.74,1612863,23641,161353,10.00
19-Sep-2016,242.65,242.00,242.50,229.00,232.85,232.45,233.49,268349,8532,115154,42.91
20-Sep-2016,232.45,234.00,234.70,225.75,227.50,228.50,230.11,107626,2515,44525,41.37
21-Sep-2016,228.50,227.55,234.95,222.20,222.50,223.30,229.32,123041,2928,46108,37.47
22-Sep-2016,223.30,224.20,229.35,221.15,223.30,223.45,225.40,83275,1918,36719,44.09
23-Sep-2016,223.45,225.30,229.00,223.10,223.90,225.05,226.55,80359,1840,32124,39.98
26-Sep-2016,225.05,225.00,228.45,216.95,220.00,220.50,223.40,78109,1805,32931,42.16
27-Sep-2016,220.50,220.70,224.40,214.05,215.25,215.50,218.33,53883,1361,29290,54.36
28-Sep-2016,215.50,217.25,221.00,216.85,217.00,217.45,218.91,44264,840,18988,42.90
29-Sep-2016,217.45,219.95,223.90,199.00,205.00,206.25,212.47,157489,2862,65929,41.86
30-Sep-2016,206.25,207.00,213.05,197.00,208.50,208.50,209.23,83160,1526,38226,45.97
03-Oct-2016,208.50,212.70,217.45,211.00,217.00,215.85,214.33,55764,1556,28576,51.24
04-Oct-2016,215.85,217.05,219.90,216.00,217.00,216.50,217.55,44434,1034,18721,42.13
05-Oct-2016,216.50,217.95,223.40,212.50,223.00,218.65,217.42,125084,1919,61544,49.20
06-Oct-2016,218.65,220.85,226.45,219.20,220.00,220.40,222.76,90925,2546,36807,40.48
07-Oct-2016,220.40,216.55,222.95,216.00,217.00,217.90,219.56,56175,1428,20087,35.76
10-Oct-2016,217.90,216.05,222.00,214.55,214.85,215.40,218.32,55845,3528,26921,48.21
13-Oct-2016,215.40,212.90,215.00,206.80,210.10,211.35,210.84,60891,1290,27816,45.68
14-Oct-2016,211.35,212.35,216.00,206.50,206.50,207.20,210.18,67962,1469,47350,69.67
17-Oct-2016,207.20,208.95,215.00,201.25,202.00,202.75,207.53,104170,4029,57102,54.82
18-Oct-2016,202.75,204.90,209.80,203.15,206.30,207.35,206.82,72500,1692,33732,46.53
19-Oct-2016,207.35,207.95,224.60,206.40,222.70,222.00,219.41,426540,7484,148958,34.92
20-Oct-2016,222.00,223.00,232.00,220.00,229.00,227.85,226.86,201588,3722,94406,46.83
21-Oct-2016,227.85,229.00,229.80,222.00,225.05,224.85,224.61,49793,1486,21235,42.65
24-Oct-2016,224.85,222.55,230.00,221.05,227.50,227.00,227.52,110095,3304,49474,44.94
25-Oct-2016,227.00,228.00,233.45,224.00,231.00,230.15,230.13,95067,1706,41743,43.91
26-Oct-2016,230.15,232.45,232.45,224.15,225.95,225.30,227.13,27621,980,14286,51.72
27-Oct-2016,225.30,224.95,227.95,220.00,221.50,222.35,223.37,33579,1128,14523,43.25
28-Oct-2016,222.35,223.15,226.00,217.45,219.05,219.65,220.38,21913,1219,9407,42.93
30-Oct-2016,219.65,224.00,225.40,220.35,220.70,221.55,222.30,8948,348,5038,56.30
01-Nov-2016,221.55,220.60,232.00,220.20,228.00,227.35,229.29,131535,3017,71219,54.14
02-Nov-2016,227.35,225.10,225.10,214.85,218.20,217.05,220.00,50892,2372,31280,61.46
03-Nov-2016,217.05,219.65,222.00,214.10,217.20,217.90,217.19,52863,1283,32695,61.85
04-Nov-2016,217.90,219.75,231.00,205.05,209.00,210.65,212.24,42244,1779,25191,59.63
07-Nov-2016,210.65,209.90,215.70,205.15,206.45,207.25,209.56,63945,6619,46595,72.87
08-Nov-2016,207.25,209.75,211.00,204.50,210.00,208.45,207.72,29617,1493,14552,49.13
09-Nov-2016,208.45,198.00,210.35,170.00,209.00,207.40,198.78,111425,2758,72732,65.27
10-Nov-2016,207.40,206.00,214.40,206.00,209.30,211.05,209.85,55595,1712,35530,63.91
11-Nov-2016,211.05,203.75,213.40,203.75,208.00,209.15,208.09,89189,1850,63454,71.15
15-Nov-2016,209.15,211.00,214.80,187.95,195.00,195.05,195.14,67735,2869,43368,64.03
16-Nov-2016,195.05,196.35,202.90,190.10,196.25,200.60,196.80,47122,1908,24311,51.59
17-Nov-2016,200.60,196.00,203.20,195.10,201.20,200.75,199.76,49753,1544,21685,43.59
18-Nov-2016,200.75,191.30,192.80,177.50,187.00,186.35,184.20,627970,8481,307651,48.99
21-Nov-2016,186.35,186.00,187.65,175.60,176.50,177.10,179.68,59466,1085,36993,62.21
22-Nov-2016,177.10,178.00,183.80,175.00,176.00,175.90,178.35,45945,1465,14156,30.81
23-Nov-2016,175.90,177.30,179.75,176.55,178.00,178.20,178.08,33115,911,17743,53.58
24-Nov-2016,178.20,175.25,184.40,175.25,183.00,183.15,181.54,67105,1117,46242,68.91
25-Nov-2016,183.15,183.40,187.85,181.55,183.80,184.30,185.06,30779,923,16277,52.88
28-Nov-2016,184.30,183.80,185.90,182.25,184.20,184.95,184.60,22739,699,14629,64.33
29-Nov-2016,184.95,187.50,197.00,185.00,194.80,194.30,191.37,85749,4046,36592,42.67
30-Nov-2016,194.30,198.00,201.50,194.80,195.50,195.85,197.86,47470,1467,15700,33.07
01-Dec-2016,195.85,200.80,200.80,188.65,190.50,191.15,193.47,30416,1209,16851,55.40
02-Dec-2016,191.15,190.90,190.90,185.00,188.25,187.95,187.46,26490,791,13023,49.16
05-Dec-2016,187.95,185.50,191.00,180.00,185.00,185.85,184.66,32535,1135,17365,53.37
06-Dec-2016,185.85,186.60,192.45,186.20,187.60,188.20,189.18,37186,1326,13927,37.45
07-Dec-2016,188.20,187.60,190.65,186.50,189.80,189.05,188.81,13975,825,2937,21.02
08-Dec-2016,189.05,198.35,198.70,190.30,192.30,191.45,193.63,165401,3527,46446,28.08
09-Dec-2016,191.45,191.15,193.75,188.15,188.95,189.00,190.23,30137,1347,16755,55.60
12-Dec-2016,189.00,189.40,194.50,188.00,192.25,193.05,192.21,53786,3979,33037,61.42
13-Dec-2016,193.05,191.15,198.80,190.50,198.00,197.55,194.93,81296,3600,45921,56.49
14-Dec-2016,197.55,196.55,212.70,194.55,206.40,207.45,207.08,355458,6434,65910,18.54
15-Dec-2016,207.45,207.00,211.00,200.15,201.25,202.15,205.39,86843,2057,28233,32.51
16-Dec-2016,202.15,203.95,206.00,198.60,203.50,203.15,203.25,50449,1493,25365,50.28
19-Dec-2016,203.15,204.00,214.80,203.15,210.50,212.25,208.82,157965,4733,72451,45.87
20-Dec-2016,212.25,212.30,218.00,201.20,206.10,202.90,210.28,238373,3731,85901,36.04
21-Dec-2016,202.90,208.95,208.95,203.45,205.00,205.65,206.09,52429,1143,14454,27.57
22-Dec-2016,205.65,205.00,206.50,196.35,202.40,203.20,201.45,51552,1494,21798,42.28
23-Dec-2016,203.20,204.00,208.00,201.80,207.80,206.85,205.74,35964,1140,18279,50.83
26-Dec-2016,206.85,201.40,209.95,201.00,201.20,204.05,204.50,27650,1289,13181,47.67
27-Dec-2016,204.05,205.05,211.00,197.55,210.75,209.05,205.67,49216,1726,28562,58.03
28-Dec-2016,209.05,209.05,211.50,202.70,205.05,205.25,207.83,20991,1061,6063,28.88
29-Dec-2016,205.25,205.25,208.15,203.60,206.00,205.65,205.68,22513,860,5882,26.13
30-Dec-2016,205.65,207.10,210.00,206.85,208.00,208.40,208.48,25692,702,15375,59.84
02-Jan-2017,208.40,208.95,213.45,208.20,211.80,210.30,210.66,24618,902,11028,44.80
03-Jan-2017,210.30,210.45,222.20,209.10,215.00,215.75,217.55,120377,2463,51929,43.14
04-Jan-2017,215.75,217.00,228.00,215.15,223.40,221.65,221.67,274190,4723,85911,31.33
05-Jan-2017,221.65,223.90,226.25,220.75,222.20,224.05,224.13,117849,1988,47934,40.67
06-Jan-2017,224.05,224.85,229.10,223.15,226.50,225.80,226.29,75480,1614,39157,51.88
09-Jan-2017,225.80,224.00,227.00,222.90,225.00,225.15,225.01,72196,1028,42814,59.30
10-Jan-2017,225.15,226.70,238.40,224.60,225.10,226.05,231.46,247072,3926,117386,47.51
11-Jan-2017,226.05,229.40,240.75,227.15,237.70,237.90,236.14,234258,3696,117418,50.12
12-Jan-2017,237.90,238.60,242.00,236.25,240.20,239.45,238.39,89369,1959,41846,46.82
13-Jan-2017,239.45,237.80,246.00,237.50,245.00,243.30,243.18,163069,3483,80200,49.18
16-Jan-2017,243.30,245.50,285.00,242.55,282.15,281.15,273.04,1758925,25027,379084,21.55
17-Jan-2017,281.15,282.00,282.25,265.10,266.05,268.30,271.82,608875,10768,170909,28.07
18-Jan-2017,268.30,269.70,277.00,261.30,264.35,264.70,270.98,490557,9628,156346,31.87
19-Jan-2017,264.70,266.00,271.95,261.80,266.00,266.70,268.32,387948,6528,96452,24.86
20-Jan-2017,266.70,266.00,269.70,260.00,260.30,261.55,264.61,165111,4071,60918,36.90
23-Jan-2017,261.55,261.95,278.40,261.95,270.00,269.90,272.94,891796,13711,177968,19.96
24-Jan-2017,269.90,271.80,271.85,261.50,263.00,262.30,264.78,179037,4121,87142,48.67
25-Jan-2017,262.30,263.95,265.80,260.00,260.50,260.75,262.30,98859,2188,41285,41.76
27-Jan-2017,260.75,262.75,270.90,260.85,261.35,261.65,264.28,132387,3633,57149,43.17
30-Jan-2017,261.65,261.50,264.80,256.00,257.70,259.05,259.98,130575,2840,49343,37.79
31-Jan-2017,259.05,259.00,261.00,247.00,248.70,249.75,252.41,124756,3372,62002,49.70
01-Feb-2017,249.75,248.20,267.95,247.00,259.25,258.95,261.36,485712,8378,106884,22.01
02-Feb-2017,258.95,259.90,265.20,256.05,264.70,264.35,261.63,136022,3977,72309,53.16
03-Feb-2017,264.35,266.95,269.40,262.00,265.30,265.35,265.70,134107,3122,68227,50.88
06-Feb-2017,265.35,267.70,270.90,264.45,270.00,269.50,269.09,135372,3322,73216,54.09
07-Feb-2017,269.50,270.00,271.75,262.40,267.00,266.20,266.33,178893,2257,136189,76.13
08-Feb-2017,266.20,265.10,266.80,262.20,266.60,266.25,265.44,57098,1194,38984,68.28
09-Feb-2017,266.25,269.20,269.20,261.50,262.60,262.10,263.44,37459,1262,21269,56.78
10-Feb-2017,262.10,263.95,274.50,257.35,258.30,259.20,264.37,605001,9717,128691,21.27
13-Feb-2017,259.20,262.00,262.00,257.10,260.90,260.30,259.64,164364,3030,123273,75.00
14-Feb-2017,260.30,260.00,261.95,258.00,261.50,260.65,260.38,162553,1590,92398,56.84
15-Feb-2017,260.65,261.85,263.25,250.00,251.00,251.50,256.07,74757,2643,49890,66.74
16-Feb-2017,251.50,252.05,252.40,248.50,251.40,250.45,250.62,246524,1476,28997,11.76
17-Feb-2017,250.45,249.00,254.50,247.30,250.00,250.25,251.62,65365,2347,29914,45.76
20-Feb-2017,250.25,253.95,261.05,250.10,252.20,252.80,254.37,227245,6393,88678,39.02
21-Feb-2017,252.80,254.75,259.90,252.00,256.00,256.25,256.52,60986,1725,20235,33.18
22-Feb-2017,256.25,257.00,260.05,250.00,251.20,252.05,255.32,98215,1632,54322,55.31
23-Feb-2017,252.05,252.00,255.50,250.50,252.10,252.00,253.51,59835,1216,35578,59.46
27-Feb-2017,252.00,250.10,256.00,250.10,253.00,253.55,253.74,40151,1082,22792,56.77
28-Feb-2017,253.55,255.40,256.00,251.05,253.50,253.65,253.06,30538,790,19530,63.95
01-Mar-2017,253.65,256.00,257.00,252.00,253.00,252.80,253.03,164230,609,12423,7.56
02-Mar-2017,252.80,256.00,256.00,247.80,252.40,251.85,252.26,129397,1653,20911,16.16
03-Mar-2017,251.85,251.35,252.15,247.10,248.50,248.55,249.69,57872,1220,43841,75.76
06-Mar-2017,248.55,248.50,254.10,248.50,249.05,249.15,249.87,25842,607,16585,64.18
07-Mar-2017,249.15,249.30,251.45,245.10,249.00,249.70,249.22,65397,1246,52331,80.02
08-Mar-2017,249.70,251.00,251.00,243.05,248.30,247.55,247.32,43777,1542,22778,52.03
09-Mar-2017,247.55,247.05,251.00,246.05,246.55,247.60,248.09,28627,1084,16885,58.98
10-Mar-2017,247.60,248.85,250.05,243.20,244.00,245.35,246.69,63553,2639,43017,67.69
14-Mar-2017,245.35,246.80,264.20,245.00,259.00,257.20,256.96,368317,7437,129646,35.20
15-Mar-2017,257.20,259.20,264.00,256.60,260.00,260.10,260.07,115775,2161,49113,42.42
16-Mar-2017,260.10,262.00,275.50,261.00,272.10,272.90,268.79,341207,5691,141644,41.51
17-Mar-2017,272.90,272.70,274.50,265.10,265.50,266.15,270.10,61660,1791,36011,58.40
20-Mar-2017,266.15,266.00,267.55,258.95,259.00,261.25,262.10,60693,1533,44143,72.73
21-Mar-2017,261.25,261.25,264.90,258.00,258.50,259.70,261.10,63743,1111,29084,45.63
22-Mar-2017,259.70,257.00,260.10,252.10,256.25,255.85,256.07,53511,2026,26561,49.64
23-Mar-2017,255.85,255.00,258.30,252.00,252.50,253.65,255.07,37509,904,18628,49.66
24-Mar-2017,253.65,254.00,256.00,252.00,252.10,252.85,254.23,31529,1300,16433,52.12
27-Mar-2017,252.85,253.10,254.35,244.65,245.85,246.20,248.33,61301,1852,39097,63.78
28-Mar-2017,246.20,247.00,262.00,247.00,255.10,256.25,257.47,239731,4875,49923,20.82
29-Mar-2017,256.25,258.20,258.70,251.00,253.50,252.50,255.08,91829,2578,43305,47.16
30-Mar-2017,252.50,252.50,257.00,252.50,254.50,254.80,254.86,85912,1521,51973,60.50
31-Mar-2017,254.80,259.85,276.70,256.05,258.00,260.35,267.49,665376,13057,191138,28.73
03-Apr-2017,260.35,261.05,264.85,256.45,261.80,260.65,261.10,189580,2735,98448,51.93
05-Apr-2017,260.65,263.00,268.45,259.60,262.00,262.40,264.31,177543,3891,91880,51.75
06-Apr-2017,262.40,261.80,272.00,253.05,256.00,256.65,261.18,351939,8360,87866,24.97
07-Apr-2017,256.65,262.00,268.00,253.60,255.05,254.90,261.09,658747,12118,211177,32.06
10-Apr-2017,254.90,256.90,259.90,255.00,258.50,258.65,257.39,114480,2793,63697,55.64
11-Apr-2017,258.65,257.00,262.40,255.20,260.25,260.45,260.00,257629,2859,50837,19.73
12-Apr-2017,260.45,259.05,263.95,256.00,259.05,259.60,260.26,158676,3012,49901,31.45
13-Apr-2017,259.60,259.90,264.50,258.00,262.25,261.65,262.24,139351,2385,89572,64.28
17-Apr-2017,261.65,262.00,265.00,259.35,263.70,264.05,262.96,111082,2120,68952,62.07
18-Apr-2017,264.05,265.85,280.00,264.05,267.65,267.65,272.44,501616,8046,252230,50.28
19-Apr-2017,267.65,268.65,270.00,264.50,266.80,266.35,267.95,92007,2652,43799,47.60
20-Apr-2017,266.35,268.70,285.50,268.30,284.20,284.10,279.15,698105,10057,326729,46.80
21-Apr-2017,284.10,287.90,293.65,278.00,281.20,281.45,285.78,302934,6168,112654,37.19
24-Apr-2017,281.45,282.00,285.25,278.75,283.00,280.65,281.95,159620,2530,99623,62.41
25-Apr-2017,280.65,283.80,292.00,279.35,280.25,281.10,286.25,317535,6755,194950,61.39
26-Apr-2017,281.10,282.85,286.15,270.55,272.95,272.15,280.79,578261,3992,472925,81.78
27-Apr-2017,272.15,273.90,276.00,268.00,269.75,269.15,271.33,127119,3513,67958,53.46
28-Apr-2017,269.15,270.50,273.90,265.15,268.00,267.30,270.09,140904,3568,86943,61.70
02-May-2017,267.30,272.00,272.00,263.85,266.10,266.25,268.54,211126,2282,156373,74.07
03-May-2017,266.25,268.85,268.85,262.00,262.05,263.55,264.03,121807,1919,75240,61.77
04-May-2017,263.55,265.00,272.00,262.70,268.00,268.85,267.67,515965,6221,283349,54.92
05-May-2017,268.85,273.05,273.95,262.70,263.60,264.45,269.13,454370,6236,215691,47.47
08-May-2017,264.45,268.00,269.90,263.00,264.95,265.30,266.07,121409,2889,60160,49.55
09-May-2017,265.30,266.45,268.90,261.00,261.50,261.55,265.08,122799,3055,74005,60.27
10-May-2017,261.55,263.40,268.40,257.70,258.00,259.20,263.31,385556,7128,185502,48.11
11-May-2017,259.20,260.45,262.90,258.00,259.40,259.05,260.54,178899,3088,113593,63.50
12-May-2017,259.05,259.75,261.80,256.00,260.50,260.35,259.74,275657,6391,180867,65.61
15-May-2017,260.35,262.25,265.25,258.25,258.50,259.85,262.79,522473,2670,450188,86.16
16-May-2017,259.85,260.20,262.80,256.10,257.25,256.85,259.12,165853,3362,89930,54.22
17-May-2017,256.85,258.00,258.95,255.30,257.60,257.00,257.00,78954,1926,55536,70.34
18-May-2017,257.00,256.00,256.70,252.00,253.00,252.80,254.87,77893,1227,54789,70.34
19-May-2017,252.80,255.00,260.00,253.00,254.30,254.10,257.73,231352,3127,158239,68.40
22-May-2017,254.10,256.20,257.50,246.95,247.00,249.25,252.41,66298,1455,41563,62.69
23-May-2017,249.25,249.95,251.05,233.35,240.65,242.50,240.88,164150,3859,74970,45.67
24-May-2017,242.50,241.25,241.25,235.05,236.40,236.30,237.91,133216,1760,101031,75.84
25-May-2017,236.30,236.40,246.00,232.35,246.00,244.15,242.22,124163,2762,63452,51.10
26-May-2017,244.15,243.25,251.25,243.25,250.00,249.25,249.23,157182,2256,98388,62.59
29-May-2017,249.25,250.00,252.20,246.85,249.00,249.40,249.09,57713,1797,22769,39.45
30-May-2017,249.40,249.45,254.95,246.00,252.00,251.00,251.26,75473,2053,25899,34.32
31-May-2017,251.00,252.40,255.50,251.55,254.00,253.00,253.58,73552,2278,38744,52.68
01-Jun-2017,253.00,253.00,255.40,249.50,250.60,250.20,251.28,65085,1875,41727,64.11
02-Jun-2017,250.20,252.55,254.90,250.00,251.20,250.65,251.88,51120,1263,22839,44.68
05-Jun-2017,250.65,252.85,256.30,246.60,250.40,249.60,250.78,137246,1866,86514,63.04
06-Jun-2017,249.60,251.50,251.50,247.80,249.00,249.25,249.02,50010,994,24718,49.43
07-Jun-2017,249.25,250.95,253.50,248.00,253.50,252.95,250.77,50364,1712,26309,52.24
08-Jun-2017,252.95,252.95,262.00,252.00,261.00,260.30,258.99,220289,3921,117688,53.42
09-Jun-2017,260.30,262.00,264.90,261.25,263.00,263.40,263.26,166859,4557,80310,48.13
12-Jun-2017,263.40,262.00,267.50,259.10,265.10,264.15,264.04,127800,2548,69264,54.20
13-Jun-2017,264.15,264.70,270.00,264.00,267.55,267.85,267.50,207882,6282,121676,58.53
14-Jun-2017,267.85,267.85,269.45,264.15,266.00,265.55,266.49,151917,5104,81694,53.78
15-Jun-2017,265.55,265.65,267.00,263.60,266.90,265.35,264.66,44126,1164,26043,59.02
16-Jun-2017,265.35,270.95,274.00,269.30,272.00,271.65,271.68,266638,3949,144189,54.08
19-Jun-2017,271.65,273.65,275.00,270.90,273.40,272.90,272.81,115232,2325,67431,58.52
20-Jun-2017,272.90,270.00,275.00,265.30,270.10,271.00,269.86,155257,4332,67945,43.76
21-Jun-2017,271.00,270.85,284.00,267.70,275.90,275.15,277.90,447127,7719,194521,43.50
22-Jun-2017,275.15,275.55,279.75,271.10,273.80,272.65,276.56,215328,4867,111744,51.89
23-Jun-2017,272.65,273.05,275.30,265.05,267.10,266.90,268.93,140795,2543,86929,61.74
27-Jun-2017,266.90,270.00,272.40,265.50,268.00,268.85,269.56,169914,4857,105301,61.97
28-Jun-2017,268.85,268.75,272.50,266.20,269.10,269.65,270.10,87754,3203,43379,49.43
29-Jun-2017,269.65,270.00,275.50,270.00,273.00,272.70,273.66,126154,3118,61736,48.94
30-Jun-2017,272.70,272.00,275.85,266.50,270.05,268.95,270.58,81034,1378,54370,67.10
03-Jul-2017,268.95,277.00,303.95,275.15,299.80,299.10,291.95,1814538,24471,488706,26.93
04-Jul-2017,299.10,300.00,304.80,295.25,299.25,299.50,300.80,964452,13353,339092,35.16
05-Jul-2017,299.50,302.00,303.35,295.10,295.55,296.00,298.49,720786,12332,368848,51.17
06-Jul-2017,296.00,297.80,302.00,288.15,291.50,290.85,296.15,423536,7003,201180,47.50
07-Jul-2017,290.85,291.35,292.55,281.00,289.45,288.60,288.29,217938,3770,103817,47.64
10-Jul-2017,288.60,290.60,294.20,288.75,290.00,290.10,291.22,82919,1240,53709,64.77
11-Jul-2017,290.10,291.60,292.40,283.55,284.50,285.45,286.72,154414,3804,74513,48.26
12-Jul-2017,285.45,285.75,286.40,281.55,282.80,282.40,283.95,133757,4122,69316,51.82
13-Jul-2017,282.40,284.80,286.45,281.30,281.50,282.95,283.86,90373,3241,49422,54.69
14-Jul-2017,282.95,284.80,285.30,276.00,280.00,280.15,280.90,198192,5814,96521,48.70
17-Jul-2017,280.15,281.45,282.00,277.20,278.00,278.50,279.07,119527,4449,71354,59.70
18-Jul-2017,278.50,277.50,288.20,274.50,280.65,281.55,282.60,290901,5587,137393,47.23
19-Jul-2017,281.55,281.90,286.50,281.70,283.95,283.45,284.22,134202,3201,62860,46.84
20-Jul-2017,283.45,284.45,303.75,283.45,300.00,299.45,296.85,1054765,17112,567674,53.82
21-Jul-2017,299.45,302.40,312.75,302.40,310.00,310.00,307.95,1144275,14401,499405,43.64
24-Jul-2017,310.00,311.85,321.00,309.00,312.00,312.95,314.91,610505,9456,219089,35.89
25-Jul-2017,312.95,313.50,319.00,301.95,316.30,315.70,314.03,446548,5836,180970,40.53
26-Jul-2017,315.70,314.10,361.90,314.10,353.00,355.30,350.03,2943679,43408,642187,21.82
27-Jul-2017,355.30,354.75,356.30,337.10,345.00,341.35,344.86,695553,11619,180356,25.93
28-Jul-2017,341.35,340.55,369.00,336.30,356.50,357.05,357.13,978685,17073,202433,20.68
31-Jul-2017,357.05,359.35,367.00,351.55,359.40,359.35,359.77,418233,9018,91685,21.92
01-Aug-2017,359.35,359.35,369.00,352.00,367.00,364.30,363.88,371510,7815,109397,29.45
02-Aug-2017,364.30,365.90,383.70,353.00,354.75,356.10,368.91,1188963,16316,311243,26.18
03-Aug-2017,356.10,358.60,364.00,354.25,357.25,357.40,358.45,400632,5938,152212,37.99
04-Aug-2017,357.40,359.70,361.50,345.80,360.00,358.20,355.53,377476,5918,123624,32.75
07-Aug-2017,358.20,359.90,360.40,350.00,353.00,352.90,355.11,149865,2667,62242,41.53
08-Aug-2017,352.90,353.50,358.50,349.00,354.00,352.50,353.42,237402,3729,118714,50.01
09-Aug-2017,352.50,350.00,357.60,350.00,350.00,351.60,352.87,212590,3549,101413,47.70
10-Aug-2017,351.60,350.05,352.25,321.90,336.55,334.60,337.64,312427,5374,203745,65.21
11-Aug-2017,334.60,330.00,342.05,316.50,335.00,336.15,328.40,503940,10413,307259,60.97
14-Aug-2017,336.15,339.00,347.40,334.55,346.10,345.65,341.53,189975,5509,84570,44.52
16-Aug-2017,345.65,350.00,370.70,343.00,367.10,367.70,358.40,631761,13003,316964,50.17
17-Aug-2017,367.70,367.70,377.00,361.20,375.40,372.40,368.62,671512,13193,398608,59.36
18-Aug-2017,372.40,368.70,390.00,364.40,388.00,388.05,378.21,1070159,15278,514255,48.05
21-Aug-2017,388.05,391.40,392.80,372.45,377.10,376.90,382.97,371190,9630,147853,39.83
22-Aug-2017,376.90,378.00,382.00,368.85,380.05,378.60,376.62,161830,7088,72519,44.81
23-Aug-2017,378.60,380.05,383.90,375.00,381.00,379.90,379.86,183244,6988,76061,41.51
24-Aug-2017,379.90,382.95,402.70,371.00,391.10,392.50,391.85,642397,15398,273856,42.63
28-Aug-2017,392.50,394.00,394.85,380.00,381.00,383.90,387.23,229657,9449,90774,39.53
29-Aug-2017,383.90,380.10,387.00,369.00,369.00,371.25,376.98,273378,8060,143077,52.34
30-Aug-2017,371.25,375.00,382.50,372.45,377.40,377.35,377.18,182008,6221,94805,52.09
31-Aug-2017,377.35,378.05,381.85,373.05,377.00,376.75,377.71,152203,7627,72124,47.39
01-Sep-2017,376.75,378.25,384.85,377.80,379.95,379.40,381.46,158274,4934,66444,41.98
04-Sep-2017,379.40,383.90,383.90,370.90,377.00,377.35,377.06,112456,8416,61549,54.73
05-Sep-2017,377.35,379.40,382.40,372.20,372.95,374.55,377.56,142703,5918,69575,48.76
06-Sep-2017,374.55,374.55,388.80,363.70,374.50,377.15,378.64,364443,12101,190021,52.14
07-Sep-2017,377.15,378.40,381.40,375.05,376.90,377.00,378.69,132274,5676,75293,56.92
08-Sep-2017,377.00,379.80,383.00,372.25,373.15,373.95,377.41,131637,4561,77695,59.02
11-Sep-2017,373.95,375.10,385.00,375.10,380.50,380.60,381.96,205668,8499,114975,55.90
12-Sep-2017,380.60,377.00,377.80,373.15,375.10,375.20,375.66,100300,5074,60317,60.14
13-Sep-2017,375.20,377.10,393.90,376.60,390.50,389.50,386.57,582231,15537,293122,50.34
14-Sep-2017,389.50,396.00,398.00,381.00,381.25,382.85,388.53,842428,14940,342099,40.61
15-Sep-2017,382.85,380.00,386.50,370.00,380.00,380.95,380.58,305265,11147,161893,53.03
18-Sep-2017,380.95,384.80,384.80,378.60,378.90,380.20,380.79,91528,2509,65085,71.11
19-Sep-2017,380.20,379.25,381.75,374.00,374.15,376.25,377.44,152678,4199,84917,55.62
20-Sep-2017,376.25,376.00,383.40,370.40,371.50,372.65,376.24,120537,10313,71061,58.95
21-Sep-2017,372.65,373.10,382.50,366.10,378.40,377.50,376.34,150541,8136,67020,44.52
22-Sep-2017,377.50,375.00,376.95,360.00,370.00,367.35,368.28,149293,3642,87487,58.60
25-Sep-2017,367.35,373.00,381.70,360.50,376.50,375.65,374.15,324288,9684,147711,45.55
26-Sep-2017,375.65,370.10,383.60,370.10,379.50,379.00,377.94,105174,2946,34229,32.55
27-Sep-2017,379.00,381.00,383.95,353.50,358.00,358.50,367.97,150357,3452,81884,54.46
28-Sep-2017,358.50,358.50,367.40,357.00,364.50,364.75,362.96,98923,5410,36992,37.39
29-Sep-2017,364.75,367.95,375.00,365.05,371.00,369.55,371.47,96014,3263,36945,38.48
03-Oct-2017,369.55,370.10,377.80,370.10,371.25,372.85,373.70,101110,4667,60600,59.93
04-Oct-2017,372.85,372.00,382.30,371.00,376.00,376.25,377.44,103649,3150,37764,36.43
05-Oct-2017,376.25,377.40,393.00,376.35,385.70,383.55,384.25,670126,6682,101759,15.19
06-Oct-2017,383.55,386.50,390.00,379.00,382.30,382.15,386.10,122118,3268,45345,37.13
09-Oct-2017,382.15,382.10,407.80,380.50,393.50,395.10,397.31,440337,7275,135343,30.74
10-Oct-2017,395.10,396.90,442.00,388.50,440.00,435.55,420.49,1232269,19392,293644,23.83
11-Oct-2017,435.55,441.00,446.50,414.00,421.55,419.80,433.75,552849,12843,170698,30.88
12-Oct-2017,419.80,423.95,449.00,423.80,435.00,434.95,436.74,617306,15255,158574,25.69
13-Oct-2017,434.95,434.95,443.00,426.95,432.20,435.15,435.40,257970,9072,59741,23.16
16-Oct-2017,435.15,436.00,453.60,436.00,442.10,440.45,445.35,383637,12525,116747,30.43
17-Oct-2017,440.45,440.40,444.00,432.90,437.50,439.55,438.79,174026,5288,48777,28.03
18-Oct-2017,439.55,437.15,448.00,432.45,439.25,437.75,439.67,160950,4107,36580,22.73
19-Oct-2017,437.75,438.40,448.80,434.60,436.00,438.85,440.93,81767,1793,30956,37.86
23-Oct-2017,438.85,444.00,464.00,438.85,449.00,447.25,450.07,439879,12844,145915,33.17
24-Oct-2017,447.25,449.95,469.60,448.65,460.80,458.95,460.58,629097,16987,196679,31.26
25-Oct-2017,458.95,463.10,468.00,452.00,460.20,462.20,460.80,151115,3920,55497,36.73
26-Oct-2017,462.20,465.00,484.50,457.05,466.00,466.55,473.36,314355,9001,86099,27.39
27-Oct-2017,466.55,469.70,483.00,466.35,468.85,469.40,474.03,184991,4745,52140,28.19
30-Oct-2017,469.40,471.70,475.85,463.35,469.50,469.50,470.46,118707,5408,37031,31.20
31-Oct-2017,469.50,472.50,478.20,467.10,473.85,474.15,472.32,103913,4041,28279,27.21
01-Nov-2017,474.15,476.00,487.55,469.15,482.00,480.20,480.31,325929,9179,61277,18.80
02-Nov-2017,480.20,482.20,489.50,473.25,480.75,481.55,482.42,341309,5533,172799,50.63
03-Nov-2017,481.55,495.00,500.40,450.15,460.00,460.20,476.22,786405,16336,282505,35.92
06-Nov-2017,460.20,460.20,461.80,450.00,450.80,451.75,453.06,175085,6476,81097,46.32
07-Nov-2017,451.75,453.00,457.25,434.50,442.00,440.65,440.31,144961,4606,78990,54.49
08-Nov-2017,440.65,435.10,450.90,431.00,436.55,436.45,442.02,119336,5399,61488,51.53
09-Nov-2017,436.45,437.55,441.60,410.10,427.00,429.25,427.86,134995,4438,53223,39.43
10-Nov-2017,429.25,432.45,437.60,425.25,428.00,431.90,431.51,110679,3206,52299,47.25
13-Nov-2017,431.90,425.00,426.70,417.10,421.50,420.55,421.59,177718,5224,89977,50.63
14-Nov-2017,420.55,423.65,424.00,408.00,408.10,410.40,413.24,170138,9378,88365,51.94
15-Nov-2017,410.40,412.45,420.00,396.00,399.00,401.30,406.24,182767,7787,105955,57.97
16-Nov-2017,401.30,403.65,405.15,396.05,396.05,398.50,400.54,191616,6341,114900,59.96
17-Nov-2017,398.50,400.65,404.35,399.05,400.50,400.80,401.99,136083,5291,82620,60.71
20-Nov-2017,400.80,401.00,403.95,399.00,399.95,400.85,401.13,64155,3338,40851,63.68
21-Nov-2017,400.85,398.00,420.10,398.00,414.00,412.85,412.07,472740,9916,200539,42.42
22-Nov-2017,412.85,413.00,417.20,409.00,409.20,411.45,413.79,132673,6525,80764,60.87
23-Nov-2017,411.45,412.90,413.95,403.00,404.65,404.90,408.01,134074,5456,82057,61.20
24-Nov-2017,404.90,406.65,411.50,405.00,405.00,407.30,408.76,91476,3784,50923,55.67
27-Nov-2017,407.30,405.00,416.70,403.10,410.65,411.70,410.53,145213,4885,76062,52.38
28-Nov-2017,411.70,413.65,413.65,403.50,404.00,404.75,407.05,141084,4109,89069,63.13
29-Nov-2017,404.75,405.90,407.70,393.15,395.10,395.45,401.30,85387,2759,50752,59.44
30-Nov-2017,395.45,390.10,408.50,390.00,395.40,402.15,401.40,343492,16240,274128,79.81
01-Dec-2017,402.15,402.20,404.50,389.15,390.00,391.95,397.85,108263,4416,68779,63.53
04-Dec-2017,391.95,394.55,394.65,376.00,377.10,378.70,383.27,92070,4039,51103,55.50
05-Dec-2017,378.70,377.15,387.30,372.25,380.00,380.55,380.48,222998,7718,99349,44.55
06-Dec-2017,380.55,380.00,381.60,377.10,377.10,379.05,379.45,111207,4309,68120,61.26
07-Dec-2017,379.05,380.95,385.60,375.10,382.00,382.00,381.09,96819,3422,54835,56.64
08-Dec-2017,382.00,386.00,393.50,380.45,385.55,387.70,388.05,142143,5380,72192,50.79
11-Dec-2017,387.70,406.50,424.95,398.00,401.00,401.75,410.56,769090,13071,241018,31.34
12-Dec-2017,401.75,402.90,402.90,390.05,392.25,392.25,395.65,114861,4802,52780,45.95
13-Dec-2017,392.25,392.10,393.10,381.20,384.00,383.35,386.44,131513,5481,55919,42.52
14-Dec-2017,383.35,385.45,391.85,383.00,386.00,386.60,387.48,179592,5949,101055,56.27
15-Dec-2017,386.60,397.80,405.90,385.35,392.50,395.50,396.54,803405,12513,211219,26.29
18-Dec-2017,395.50,382.50,401.00,373.95,391.10,395.20,393.19,446272,6678,80773,18.10
19-Dec-2017,395.20,397.90,399.80,389.60,391.50,392.45,395.40,150535,5860,81673,54.26
20-Dec-2017,392.45,396.20,397.35,389.50,391.05,391.60,392.98,175541,3061,73882,42.09
21-Dec-2017,391.60,389.50,396.90,389.50,392.00,392.05,393.54,163316,5350,62889,38.51
22-Dec-2017,392.05,392.00,396.00,390.20,392.70,391.25,392.38,104129,2396,54156,52.01
26-Dec-2017,391.25,392.10,398.00,392.10,395.00,395.45,394.94,169440,3559,115282,68.04
27-Dec-2017,395.45,395.00,413.80,395.00,405.20,405.20,406.98,452743,9554,252558,55.78
28-Dec-2017,405.20,413.80,428.70,407.00,426.70,425.90,421.21,1304871,23009,311815,23.90
29-Dec-2017,425.90,429.00,434.90,421.10,425.80,426.65,428.33,407334,6700,123526,30.33
01-Jan-2018,426.65,426.70,433.00,421.25,426.60,427.85,429.67,201667,3527,103675,51.41
02-Jan-2018,427.85,429.65,431.95,415.75,419.00,420.35,421.64,161428,3833,85373,52.89
03-Jan-2018,420.35,422.80,437.00,418.00,426.50,425.90,431.03,342807,6794,109789,32.03
04-Jan-2018,425.90,428.00,434.00,424.00,427.65,426.20,428.95,177604,4807,88198,49.66
05-Jan-2018,426.20,425.00,437.05,425.00,432.65,431.45,431.69,170213,3137,84441,49.61
08-Jan-2018,431.45,428.10,433.00,425.25,427.50,428.10,428.69,161547,4453,78849,48.81
09-Jan-2018,428.10,430.00,430.00,415.60,419.50,419.45,422.76,159871,3470,86657,54.20
10-Jan-2018,419.45,419.40,430.00,413.00,416.80,414.95,419.25,100678,2943,50310,49.97
11-Jan-2018,414.95,417.45,426.70,414.00,418.65,417.50,420.63,138634,5245,72525,52.31
12-Jan-2018,417.50,420.15,422.55,408.15,414.05,413.85,416.51,78257,3093,37068,47.37
15-Jan-2018,413.85,417.60,419.75,404.50,413.90,414.00,412.36,253970,5658,99519,39.19
16-Jan-2018,414.00,412.50,414.50,400.15,401.30,401.90,405.03,163823,3676,80531,49.16
17-Jan-2018,401.90,400.00,402.00,391.00,395.00,395.30,395.21,198060,5544,104518,52.77
18-Jan-2018,395.30,400.00,404.90,387.00,389.80,388.70,395.13,140125,4028,81671,58.28
19-Jan-2018,388.70,398.00,400.80,387.00,389.10,389.85,393.36,130769,5294,58460,44.70
22-Jan-2018,389.85,391.80,411.00,390.85,406.00,407.20,399.43,360322,11706,208544,57.88
23-Jan-2018,407.20,411.00,417.05,405.25,412.50,414.60,413.23,289953,10007,126597,43.66
24-Jan-2018,414.60,412.30,424.70,405.60,414.05,413.75,416.56,316833,8994,132187,41.72
25-Jan-2018,413.75,414.90,415.55,408.10,410.20,411.55,410.85,118595,2098,74409,62.74
29-Jan-2018,411.55,409.05,414.15,395.30,396.00,400.05,405.97,99023,4337,35563,35.91
30-Jan-2018,400.05,396.50,407.00,392.00,401.00,401.70,401.04,120329,4593,62645,52.06
31-Jan-2018,401.70,395.10,404.70,388.00,398.00,398.55,397.70,203904,6326,87149,42.74
01-Feb-2018,398.55,399.50,412.00,380.00,381.40,381.80,396.95,483352,9555,226403,46.84
02-Feb-2018,381.80,375.00,377.50,346.05,358.00,358.75,360.23,310066,7928,158259,51.04
05-Feb-2018,358.75,356.00,367.80,335.80,361.05,364.35,352.28,215004,10645,81719,38.01
06-Feb-2018,364.35,342.00,361.00,337.05,359.80,357.65,346.06,257027,8330,130292,50.69
07-Feb-2018,357.65,362.00,378.95,357.00,361.00,361.05,366.36,567059,9201,309663,54.61
08-Feb-2018,361.05,364.90,376.00,361.35,369.90,371.00,370.21,509332,7601,342960,67.34
09-Feb-2018,371.00,365.00,368.20,355.05,361.00,361.60,362.16,132937,2785,52215,39.28
12-Feb-2018,361.60,364.90,372.00,362.10,367.00,367.15,367.70,99367,3162,28607,28.79
14-Feb-2018,367.15,374.00,374.00,361.20,361.75,362.50,367.16,78149,3120,32408,41.47
15-Feb-2018,362.50,365.75,368.00,358.80,366.90,364.60,361.92,114058,3121,61243,53.69
16-Feb-2018,364.60,362.00,369.20,352.15,361.00,356.85,360.27,144609,6145,49221,34.04
19-Feb-2018,356.85,354.05,360.60,346.10,356.00,356.05,352.36,64501,6299,33906,52.57
20-Feb-2018,356.05,356.00,358.00,346.00,349.00,349.10,351.80,51493,1989,26242,50.96
21-Feb-2018,349.10,350.00,353.05,336.00,338.90,338.15,341.52,268533,4595,198974,74.10
22-Feb-2018,338.15,335.30,337.20,327.00,328.05,329.85,331.45,285116,7939,214165,75.12
23-Feb-2018,329.85,328.05,352.35,328.05,347.80,348.85,343.51,245032,9478,109295,44.60
26-Feb-2018,348.85,351.45,352.45,338.35,348.00,348.25,345.91,215822,7868,113951,52.80
27-Feb-2018,348.25,348.90,352.50,341.80,349.40,350.35,347.85,140890,3007,92869,65.92
28-Feb-2018,350.35,345.00,346.90,338.45,338.50,340.15,342.42,98821,3995,57779,58.47
01-Mar-2018,340.15,340.15,343.60,331.00,334.10,334.50,336.13,108538,3293,66230,61.02
05-Mar-2018,334.50,333.00,333.00,315.50,315.90,317.00,320.79,282733,8354,205526,72.69
06-Mar-2018,317.00,321.45,324.40,314.00,315.00,316.30,319.92,180394,5562,89600,49.67
07-Mar-2018,316.30,315.00,315.00,303.00,304.75,305.40,307.77,293532,9351,197743,67.37
08-Mar-2018,305.40,336.85,336.85,309.50,315.75,316.45,317.43,735499,16275,227064,30.87
09-Mar-2018,316.45,319.90,319.95,308.40,310.30,311.85,312.70,130934,3528,70393,53.76
12-Mar-2018,311.85,312.75,324.20,310.00,323.20,323.35,318.76,247772,8121,146184,59.00
13-Mar-2018,323.35,321.90,339.00,319.80,339.00,336.90,332.68,225763,9928,117945,52.24
14-Mar-2018,336.90,337.00,337.00,316.50,322.00,323.25,322.08,715424,6970,280841,39.26
15-Mar-2018,323.25,332.00,333.00,325.10,327.90,329.20,328.72,437709,9848,138135,31.56
16-Mar-2018,329.20,329.20,331.60,321.55,326.00,325.40,325.96,278675,6268,200892,72.09
19-Mar-2018,325.40,325.00,325.15,315.10,320.00,318.40,318.61,94976,4000,42995,45.27
20-Mar-2018,318.40,317.95,320.00,315.05,315.75,316.25,317.81,51152,1769,32830,64.18
21-Mar-2018,316.25,317.55,323.00,313.80,314.50,315.30,318.37,89856,2995,42425,47.21
22-Mar-2018,315.30,318.90,318.90,306.00,308.50,307.85,311.97,102001,4396,54156,53.09
23-Mar-2018,307.85,306.00,312.00,301.00,306.45,304.50,304.07,105477,4368,53656,50.87
26-Mar-2018,304.50,305.00,309.50,290.00,293.90,295.45,299.50,148808,3871,96712,64.99
27-Mar-2018,295.45,299.00,306.00,291.30,293.00,294.10,298.17,167866,4553,101669,60.57
28-Mar-2018,294.10,292.80,292.90,283.50,289.05,288.50,288.73,171992,6176,111231,64.67
02-Apr-2018,288.50,288.00,297.90,288.00,293.00,293.35,293.32,77394,2883,31016,40.08
03-Apr-2018,293.35,293.50,303.90,291.90,301.60,301.65,297.70,157882,6301,56793,35.97
04-Apr-2018,301.65,304.40,331.90,300.25,301.00,304.20,320.04,1439262,22332,412812,28.68
05-Apr-2018,304.20,310.00,327.00,310.00,323.50,323.50,319.21,480886,7949,198820,41.34
06-Apr-2018,323.50,323.10,347.70,320.80,345.05,341.40,334.83,501155,8266,140448,28.02
09-Apr-2018,341.40,344.10,357.00,337.60,355.00,354.75,349.10,371243,8087,95879,25.83
10-Apr-2018,354.75,354.75,359.00,350.00,352.80,353.20,354.24,177230,4172,48579,27.41
11-Apr-2018,353.20,355.65,363.00,344.00,363.00,360.25,354.73,185261,4333,64283,34.70
12-Apr-2018,360.25,361.10,364.00,355.55,358.85,358.05,361.83,170726,4464,75945,44.48
13-Apr-2018,358.05,363.00,376.35,361.10,372.85,373.50,369.22,354264,6568,111888,31.58
16-Apr-2018,373.50,370.00,389.75,365.55,387.00,386.95,380.48,435777,7999,98868,22.69
17-Apr-2018,386.95,386.60,388.55,376.50,376.80,379.60,382.36,160217,5062,49647,30.99
18-Apr-2018,379.60,379.60,380.35,365.00,375.00,371.85,371.72,230584,5805,98594,42.76
19-Apr-2018,371.85,375.00,395.00,369.10,391.00,389.75,382.99,411824,7924,182448,44.30
20-Apr-2018,389.75,392.95,397.00,386.30,390.15,390.55,392.70,288838,6864,81448,28.20
23-Apr-2018,390.55,390.20,390.80,380.60,386.00,383.25,385.71,158645,3195,57997,36.56
24-Apr-2018,383.25,386.40,389.80,362.15,369.00,367.00,373.60,202587,5222,99406,49.07
25-Apr-2018,367.00,367.00,369.50,352.00,359.00,356.90,358.45,169260,6146,63960,37.79
26-Apr-2018,356.90,358.90,369.70,354.15,363.70,363.70,364.83,135276,4052,39882,29.48
27-Apr-2018,363.70,364.00,367.00,350.40,356.00,355.30,360.05,96566,2806,45712,47.34
30-Apr-2018,355.30,356.50,360.50,351.10,353.00,353.35,355.84,85857,1980,33190,38.66
02-May-2018,353.35,355.00,356.75,341.75,344.65,345.05,346.62,96335,3710,54077,56.13
03-May-2018,345.05,344.00,344.80,332.25,335.95,336.60,336.81,116668,4798,63563,54.48
04-May-2018,336.60,333.00,336.25,329.00,330.95,329.85,331.73,87145,2543,35834,41.12
07-May-2018,329.85,332.40,338.00,328.00,337.50,335.65,334.42,76711,3039,30492,39.75
08-May-2018,335.65,336.05,341.90,335.00,337.50,337.75,338.41,62251,3622,21609,34.71
09-May-2018,337.75,334.75,359.00,333.90,352.00,350.20,350.89,371641,9349,142166,38.25
10-May-2018,350.20,352.50,352.50,335.00,338.20,338.50,342.87,105894,3787,44782,42.29
11-May-2018,338.50,341.20,341.80,330.25,332.00,332.70,336.77,55977,2132,30964,55.32
14-May-2018,332.70,332.70,339.25,323.05,323.05,326.90,330.88,53118,1991,29849,56.19
15-May-2018,326.90,326.90,339.00,320.00,322.10,322.75,327.72,171674,3250,82881,48.28
16-May-2018,322.75,320.00,324.95,317.05,318.95,320.15,322.00,62905,1628,34750,55.24
17-May-2018,320.15,320.90,333.00,320.40,323.50,323.60,326.42,86501,2848,40324,46.62
18-May-2018,323.60,323.60,325.45,316.20,318.00,318.40,320.01,44963,2859,23403,52.05
21-May-2018,318.40,318.00,320.00,306.50,307.10,307.70,312.14,74118,3487,36851,49.72
22-May-2018,307.70,311.65,329.60,308.15,328.40,326.35,317.20,165974,4630,102667,61.86
23-May-2018,326.35,329.60,333.90,319.50,322.30,322.95,328.93,129645,4474,42344,32.66
24-May-2018,322.95,324.25,326.05,312.10,314.80,315.55,316.93,105652,3465,41058,38.86
25-May-2018,315.55,314.10,321.85,312.00,318.70,318.90,317.06,60479,2043,24110,39.87
28-May-2018,318.90,320.00,341.80,320.00,341.80,336.30,331.71,182510,4298,54149,29.67
29-May-2018,336.30,339.70,357.90,338.00,350.95,350.95,350.59,408794,10045,111283,27.22
30-May-2018,350.95,350.00,355.40,340.70,342.90,342.95,349.41,211305,5863,66232,31.34
31-May-2018,342.95,343.00,349.05,321.55,321.80,324.05,329.52,216933,5021,94916,43.75
01-Jun-2018,324.05,325.00,325.00,312.25,315.90,315.70,315.63,161172,4838,84304,52.31
04-Jun-2018,315.70,315.70,320.00,305.55,306.00,308.15,313.94,138172,4489,62863,45.50
05-Jun-2018,308.15,308.00,309.85,283.65,285.00,285.05,294.45,225620,6519,148884,65.99
06-Jun-2018,285.05,282.60,299.50,275.00,290.00,290.45,291.79,208673,5275,92955,44.55
07-Jun-2018,290.45,290.00,308.65,290.00,307.00,305.00,301.66,202802,5400,71179,35.10
08-Jun-2018,305.00,302.55,313.00,296.30,298.50,299.55,301.92,319690,5667,107043,33.48
11-Jun-2018,299.55,300.00,307.00,294.50,298.50,299.10,302.04,143728,3637,46061,32.05
12-Jun-2018,299.10,299.15,301.20,285.80,288.00,287.90,290.71,260379,5335,162994,62.60
13-Jun-2018,287.90,290.00,296.85,284.75,287.30,287.55,289.86,403737,6604,155008,38.39
14-Jun-2018,287.55,287.50,291.80,286.00,288.75,288.65,289.23,105975,3199,35289,33.30
15-Jun-2018,288.65,289.00,291.95,282.90,286.95,286.85,287.16,261963,3955,143142,54.64
18-Jun-2018,286.85,286.85,288.85,284.30,288.00,287.40,286.65,79782,2485,34947,43.80
19-Jun-2018,287.40,286.90,288.00,278.15,282.00,280.70,282.49,109310,2877,52087,47.65
20-Jun-2018,280.70,281.05,283.00,271.00,273.00,272.25,274.80,200851,4471,89792,44.71
21-Jun-2018,272.25,268.05,274.00,268.05,271.40,270.90,271.28,89609,3311,35012,39.07
22-Jun-2018,270.90,269.00,271.50,265.25,268.05,268.60,269.19,143916,2782,81859,56.88
25-Jun-2018,268.60,268.05,276.85,265.75,267.60,267.60,269.95,191033,4106,83651,43.79
26-Jun-2018,267.60,266.75,269.00,256.90,260.95,260.45,264.36,206055,3402,110415,53.59
27-Jun-2018,260.45,260.95,263.75,251.10,253.00,253.45,254.74,214134,5057,146367,68.35
28-Jun-2018,253.45,254.50,265.60,251.45,261.80,261.25,260.81,289362,6555,106572,36.83
29-Jun-2018,261.25,261.70,271.00,260.45,266.10,267.75,266.10,118824,2567,45960,38.68
02-Jul-2018,267.75,267.75,269.05,261.35,266.60,265.30,265.80,75246,1720,24781,32.93
03-Jul-2018,265.30,266.50,268.45,263.05,265.90,265.70,265.75,52710,1442,20459,38.81
04-Jul-2018,265.70,266.10,275.70,265.55,269.00,270.75,272.53,212267,3414,31693,14.93
05-Jul-2018,270.75,271.50,275.00,265.70,269.95,268.65,270.97,97135,3245,28050,28.88
06-Jul-2018,268.65,271.80,271.80,265.20,267.10,267.70,268.47,68648,1404,39018,56.84
09-Jul-2018,267.70,269.40,274.90,269.40,270.30,271.35,272.41,58666,1680,25144,42.86
10-Jul-2018,271.35,271.35,277.00,270.55,271.00,272.25,273.92,85746,1851,36418,42.47
11-Jul-2018,272.25,272.25,272.25,262.60,262.75,263.50,268.08,123345,1686,74347,60.28
12-Jul-2018,263.50,264.10,267.50,256.20,258.40,258.50,261.46,68606,1501,36637,53.40
13-Jul-2018,258.50,258.50,260.00,250.00,252.00,251.80,253.07,85258,1798,34892,40.93
16-Jul-2018,251.80,252.00,253.80,241.30,245.15,244.35,244.43,74628,1950,41518,55.63
17-Jul-2018,244.35,244.00,257.00,238.90,254.00,254.60,247.54,131128,2975,63886,48.72
18-Jul-2018,254.60,254.10,262.45,251.80,257.10,255.90,256.90,108231,2259,74399,68.74
19-Jul-2018,255.90,257.95,261.00,251.30,260.00,257.80,255.82,34209,1137,21341,62.38
20-Jul-2018,257.80,258.00,259.20,251.00,254.90,253.90,254.16,101596,1621,73802,72.64
23-Jul-2018,253.90,255.00,262.00,253.00,260.10,259.35,257.37,51528,1516,29689,57.62
24-Jul-2018,259.35,258.00,272.00,258.00,266.60,266.70,266.58,257564,4338,117084,45.46
25-Jul-2018,266.70,266.70,271.45,263.20,263.70,264.65,267.54,60533,2402,25417,41.99
26-Jul-2018,264.65,265.65,265.65,259.05,259.40,261.90,262.29,52287,1482,30829,58.96
27-Jul-2018,261.90,262.05,272.50,260.00,263.10,264.85,266.91,233188,3316,128317,55.03
30-Jul-2018,264.85,266.45,285.00,265.10,281.90,281.50,279.56,412557,6409,101971,24.72
31-Jul-2018,281.50,282.40,287.00,275.10,276.65,276.40,281.53,126092,3910,43807,34.74
01-Aug-2018,276.40,275.50,285.50,275.50,279.80,279.55,280.79,87343,2571,30396,34.80
02-Aug-2018,279.55,277.80,281.80,272.50,280.50,279.35,277.20,62018,1884,25446,41.03
03-Aug-2018,279.35,281.75,289.00,279.20,285.10,286.40,284.71,105208,2708,50182,47.70
06-Aug-2018,286.40,286.90,288.70,272.65,274.00,275.70,280.19,146815,3762,80959,55.14
07-Aug-2018,275.70,276.95,282.00,274.00,278.20,276.80,278.25,74182,1516,41841,56.40
08-Aug-2018,276.80,275.00,285.00,272.35,277.20,276.80,280.33,97202,2385,40022,41.17
09-Aug-2018,276.80,278.00,282.00,268.05,269.20,271.55,275.46,103840,2264,48978,47.17
10-Aug-2018,271.55,275.90,278.00,268.10,269.75,271.40,274.08,167364,4219,53738,32.11
13-Aug-2018,271.40,272.60,272.60,261.85,264.00,264.20,266.89,66418,2181,32840,49.44
14-Aug-2018,264.20,263.00,267.50,260.00,262.50,263.15,263.27,42811,1487,24391,56.97
16-Aug-2018,263.15,263.00,265.00,249.40,250.00,250.90,254.84,176815,3511,118794,67.19
17-Aug-2018,250.90,251.15,256.95,251.15,255.00,255.25,254.88,75296,2736,42808,56.85
20-Aug-2018,255.25,256.50,258.50,253.50,255.00,255.00,256.02,113647,2847,68696,60.45
21-Aug-2018,255.00,256.50,258.00,253.00,253.00,253.75,255.01,61606,2032,34671,56.28
23-Aug-2018,253.75,256.70,256.70,250.00,252.00,251.05,252.97,68803,2020,43257,62.87
24-Aug-2018,251.05,251.65,255.75,251.30,252.50,253.10,253.54,87020,2606,49997,57.45
27-Aug-2018,253.10,255.05,256.80,253.10,254.00,253.95,254.28,66299,2304,38145,57.53
28-Aug-2018,253.95,262.10,264.90,255.35,255.70,257.55,260.94,275160,7035,130172,47.31
29-Aug-2018,257.55,259.60,259.60,255.25,256.00,256.30,257.25,75005,3073,43092,57.45
30-Aug-2018,256.30,257.90,257.90,253.10,254.55,254.55,254.74,68654,2433,44892,65.39
31-Aug-2018,254.55,253.05,257.20,250.00,252.00,252.50,252.95,141006,4130,86166,61.11
03-Sep-2018,252.50,253.00,256.40,253.00,253.50,253.80,254.83,76807,2492,52096,67.83
04-Sep-2018,253.80,254.75,258.00,251.50,254.90,255.40,255.31,265854,4747,144519,54.36
05-Sep-2018,255.40,255.00,258.40,252.10,252.50,252.95,253.86,76508,1918,47156,61.64
06-Sep-2018,252.95,254.50,257.80,251.30,255.85,255.40,255.16,155358,4283,109366,70.40
07-Sep-2018,255.40,248.95,252.40,245.10,247.75,246.30,248.59,124046,3062,85776,69.15
10-Sep-2018,246.30,246.50,246.50,240.50,241.65,241.65,243.02,63596,3630,46222,72.68
11-Sep-2018,241.65,241.80,245.30,238.15,239.15,239.75,242.03,67411,1794,31523,46.76
12-Sep-2018,239.75,239.75,241.00,233.30,235.00,234.70,235.87,81408,2351,44054,54.12
14-Sep-2018,234.70,235.90,241.90,234.55,235.35,235.65,237.40,102393,3963,56154,54.84
18-Sep-2018,241.25,242.05,249.75,241.55,243.55,244.45,246.06,118201,3088,57212,48.40
19-Sep-2018,244.45,247.25,248.40,235.10,239.00,237.70,241.46,101738,2999,43265,42.53
21-Sep-2018,237.70,239.10,244.60,216.30,224.00,221.35,229.68,184150,5324,107404,58.32
24-Sep-2018,221.35,227.90,228.55,208.10,213.00,212.25,215.06,167155,4811,98009,58.63
25-Sep-2018,212.25,214.50,215.05,205.50,210.00,209.35,208.69,108470,3428,66751,61.54
26-Sep-2018,209.35,210.35,218.00,203.20,204.55,204.85,208.80,86212,3661,53297,61.82
27-Sep-2018,204.85,203.50,207.90,197.45,207.90,204.10,202.13,141114,6679,74430,52.74
28-Sep-2018,204.10,205.50,207.95,190.00,191.40,192.05,197.13,143913,4565,82790,57.53
01-Oct-2018,192.05,199.00,199.00,186.00,191.20,192.60,191.66,127789,5549,61218,47.91
04-Oct-2018,197.35,193.40,199.00,190.25,195.50,195.65,194.00,59279,2331,26171,44.15
05-Oct-2018,195.65,197.00,197.55,190.00,191.95,191.85,192.80,62294,1488,35545,57.06
08-Oct-2018,191.85,191.00,193.75,183.60,188.50,187.00,187.39,108352,2436,75244,69.44
09-Oct-2018,187.00,187.15,191.65,183.20,183.20,184.70,187.23,73850,2150,33704,45.64
10-Oct-2018,184.70,185.40,193.30,184.95,188.00,188.15,189.77,77885,1670,45377,58.26
11-Oct-2018,188.15,184.30,193.90,183.05,188.50,188.95,189.47,65407,2119,31449,48.08
12-Oct-2018,188.95,189.60,199.80,188.45,199.60,198.00,196.66,61212,2071,25395,41.49
15-Oct-2018,198.00,196.75,213.45,196.00,213.45,210.40,208.15,116040,2812,45165,38.92
16-Oct-2018,210.40,210.00,222.40,209.25,219.60,221.00,216.91,114401,2902,49228,43.03
17-Oct-2018,221.00,226.20,236.00,216.35,218.90,219.05,227.20,306139,6839,79205,25.87
19-Oct-2018,219.05,214.00,220.90,214.00,216.35,216.30,216.52,46723,1514,19111,40.90
22-Oct-2018,216.30,216.35,218.35,209.90,210.50,210.65,213.06,40952,1574,14827,36.21
23-Oct-2018,210.65,208.90,211.45,202.05,204.00,203.30,204.92,77103,2163,32759,42.49
24-Oct-2018,203.30,203.35,206.75,203.35,205.20,204.60,204.58,35405,931,11338,32.02
25-Oct-2018,204.60,202.00,204.00,200.35,201.65,202.95,202.98,41253,2522,18192,44.10
26-Oct-2018,202.95,202.00,207.00,196.70,197.00,198.05,200.97,83917,2568,43661,52.03
29-Oct-2018,198.05,198.85,201.15,193.00,199.65,200.15,197.17,136241,2936,54997,40.37
30-Oct-2018,200.15,200.45,208.20,197.20,202.00,201.80,203.20,118737,2939,65145,54.86
31-Oct-2018,201.80,201.80,207.40,191.00,196.50,196.95,200.34,170268,3392,99150,58.23
01-Nov-2018,196.95,198.00,203.00,197.95,201.85,201.95,201.11,83745,2086,47877,57.17
02-Nov-2018,201.95,203.00,213.30,203.00,209.50,208.70,208.68,199871,3120,92489,46.27
05-Nov-2018,208.70,208.25,215.75,206.95,208.50,208.95,210.77,109862,2046,-,-
06-Nov-2018,208.95,210.00,215.45,210.00,214.00,214.30,213.76,132560,3053,61559,46.44
07-Nov-2018,214.30,216.00,216.35,210.25,213.30,212.70,213.45,19367,477,13834,71.43
09-Nov-2018,212.70,214.75,217.70,212.20,212.55,213.55,214.73,83960,1658,42115,50.16
12-Nov-2018,213.55,213.70,215.25,211.00,211.95,211.15,212.75,53343,1508,29390,55.10
13-Nov-2018,211.15,211.00,211.70,207.25,211.30,211.20,210.10,66853,1985,35638,53.31
14-Nov-2018,211.20,208.65,208.65,194.70,196.20,196.05,199.62,180815,3915,100077,55.35
15-Nov-2018,196.05,196.20,199.30,180.75,181.70,182.10,185.87,392748,6794,223784,56.98
16-Nov-2018,182.10,183.00,183.95,175.50,177.00,176.40,178.84,410461,9067,189128,46.08
19-Nov-2018,176.40,175.00,181.65,171.85,175.10,175.45,176.51,266496,5455,134219,50.36
20-Nov-2018,175.45,175.70,175.70,165.25,166.05,166.40,169.10,413373,11052,276543,66.90
21-Nov-2018,166.40,166.40,167.75,162.80,164.00,163.95,164.75,254490,6611,147847,58.10
22-Nov-2018,163.95,166.20,192.50,166.20,178.35,179.60,183.63,4703262,60136,685924,14.58
26-Nov-2018,179.60,179.40,182.60,170.40,170.80,171.20,175.33,664059,11340,203566,30.65
27-Nov-2018,171.20,171.00,175.75,166.60,170.70,169.30,171.01,505043,9461,146026,28.91
28-Nov-2018,169.30,170.50,170.70,160.35,161.00,161.75,164.45,471593,12972,248685,52.73
29-Nov-2018,161.75,162.00,168.00,158.55,163.30,162.65,163.37,355841,7735,118069,33.18
30-Nov-2018,162.65,162.75,166.00,159.00,160.00,160.15,161.71,377368,10489,217444,57.62
03-Dec-2018,160.15,162.75,163.75,158.00,159.15,159.50,160.92,275746,5210,137174,49.75
04-Dec-2018,159.50,162.55,164.30,157.95,158.00,158.90,160.98,353861,7848,152969,43.23
05-Dec-2018,158.90,157.80,160.35,155.25,156.00,155.70,157.12,317986,5559,129517,40.73
06-Dec-2018,155.70,155.25,155.90,149.00,149.70,149.40,151.23,342663,6867,184391,53.81
07-Dec-2018,149.40,150.00,151.60,140.95,143.40,143.45,144.49,449667,6499,236340,52.56
10-Dec-2018,143.45,140.00,140.00,135.55,137.80,137.65,137.45,258328,5287,128976,49.93
11-Dec-2018,137.65,136.80,143.80,134.10,141.25,142.20,139.32,340523,6694,118138,34.69
12-Dec-2018,142.20,142.20,151.60,142.20,145.00,146.35,146.36,560966,6241,243852,43.47
13-Dec-2018,146.35,147.00,152.80,144.80,147.90,147.90,149.34,629246,8835,273971,43.54
14-Dec-2018,147.90,147.75,147.75,143.00,144.60,143.95,145.42,198122,3191,107562,54.29
17-Dec-2018,143.95,145.60,150.50,144.75,145.90,145.90,147.35,667962,6927,311939,46.70
18-Dec-2018,145.90,145.90,151.70,144.00,150.15,150.40,148.84,423804,5466,175535,41.42
19-Dec-2018,150.40,151.60,153.30,149.10,150.90,151.65,151.63,445895,4914,214175,48.03
20-Dec-2018,151.65,150.80,159.40,149.30,154.70,154.25,155.74,766911,8284,269272,35.11
21-Dec-2018,154.25,153.50,156.15,149.25,150.50,150.20,152.02,252152,4195,111889,44.37
24-Dec-2018,150.20,151.00,151.90,144.35,145.60,145.40,146.56,246388,2907,121204,49.19
26-Dec-2018,145.40,143.90,146.00,142.50,145.25,145.05,144.39,118710,2189,41450,34.92
27-Dec-2018,145.05,146.40,153.95,145.50,148.50,150.35,149.63,466866,5344,116004,24.85
28-Dec-2018,150.35,150.90,152.50,149.50,149.50,150.05,151.03,258626,3292,89968,34.79
31-Dec-2018,150.05,150.50,150.90,148.00,149.00,148.65,149.37,117022,3597,42733,36.52
01-Jan-2019,148.65,148.65,151.25,148.10,149.20,149.40,149.83,167802,2309,54705,32.60
02-Jan-2019,149.40,149.90,151.85,147.00,148.35,147.80,149.76,192061,2358,59943,31.21
03-Jan-2019,147.80,148.15,148.75,141.30,142.10,142.25,144.36,240389,3304,133855,55.68
04-Jan-2019,142.25,142.55,144.50,141.15,142.85,143.25,142.99,131950,1722,45076,34.16
07-Jan-2019,143.25,147.00,147.00,143.80,143.80,144.35,145.74,166701,1842,60729,36.43
08-Jan-2019,144.35,145.00,145.10,143.50,143.80,144.05,144.32,76512,1110,41099,53.72
09-Jan-2019,144.05,145.00,146.90,143.05,144.00,143.65,144.72,132656,1528,54164,40.83
10-Jan-2019,143.65,144.00,147.50,143.50,145.75,145.30,145.78,339071,4047,100745,29.71
11-Jan-2019,145.30,145.70,146.50,142.60,143.55,143.65,144.15,113303,2503,57254,50.53
14-Jan-2019,143.65,144.00,144.25,141.10,142.85,142.50,142.42,67620,1853,32661,48.30
15-Jan-2019,142.50,144.55,147.50,142.75,143.00,143.25,145.07,264466,2784,121217,45.83
16-Jan-2019,143.25,143.30,144.70,139.60,140.40,140.65,141.89,185640,2893,116804,62.92
17-Jan-2019,140.65,141.00,141.45,137.50,138.25,138.10,139.17,184237,3776,115090,62.47
18-Jan-2019,138.10,138.90,138.90,125.30,130.50,130.55,131.64,601942,18660,299750,49.80
21-Jan-2019,130.55,131.90,132.50,125.70,126.00,126.60,129.34,266326,4419,176659,66.33
22-Jan-2019,126.60,126.60,127.00,118.30,118.40,118.85,120.45,779198,19710,460955,59.16
23-Jan-2019,118.85,119.10,120.80,110.00,113.60,112.55,114.91,1423396,18732,668133,46.94
24-Jan-2019,112.55,113.00,113.90,104.25,105.80,106.10,107.66,1819269,19768,957513,52.63
25-Jan-2019,106.10,108.00,120.50,106.05,111.80,113.10,115.16,5067761,38602,994065,19.62
28-Jan-2019,113.10,112.90,116.00,111.60,114.45,113.60,113.67,769559,8394,333001,43.27
29-Jan-2019,113.60,113.60,117.45,113.10,114.20,114.25,115.21,453266,4370,138088,30.47
30-Jan-2019,114.25,115.20,115.75,112.60,113.70,113.85,114.14,250159,2474,93404,37.34
31-Jan-2019,113.85,113.80,118.00,113.80,116.45,117.05,116.48,441163,4245,169396,38.40
01-Feb-2019,117.05,119.00,122.00,113.45,119.20,117.90,118.76,1220540,10715,464725,38.08
04-Feb-2019,117.90,117.10,117.45,113.55,114.00,114.65,115.27,248915,2004,140015,56.25
05-Feb-2019,114.65,114.65,114.75,111.00,113.00,113.05,112.47,325887,2825,195308,59.93
06-Feb-2019,113.05,112.55,117.15,111.65,116.90,116.25,114.56,229219,2578,129718,56.59
07-Feb-2019,116.25,116.45,120.70,115.40,119.50,119.55,118.72,289169,3594,146801,50.77
08-Feb-2019,119.55,118.95,118.95,115.50,116.50,116.75,116.95,105220,1221,60052,57.07
11-Feb-2019,116.75,117.70,118.00,113.10,117.85,117.20,115.68,154784,1621,52354,33.82
12-Feb-2019,117.20,117.65,118.55,115.50,117.85,118.25,117.26,113094,1208,67674,59.84
13-Feb-2019,118.25,119.00,120.60,116.65,118.70,119.30,118.91,188645,1779,98801,52.37
14-Feb-2019,119.30,118.90,119.65,114.20,118.75,119.00,117.10,205795,3916,111017,53.95
15-Feb-2019,119.00,111.00,117.90,108.65,116.40,115.85,114.31,472479,5280,167213,35.39
18-Feb-2019,115.85,114.10,117.75,111.60,116.80,117.00,114.65,236782,2082,134656,56.87
19-Feb-2019,117.00,116.10,123.40,116.10,120.00,119.35,120.09,289282,3272,135376,46.80
20-Feb-2019,119.35,120.50,128.00,119.45,127.80,125.65,123.81,372753,4787,186393,50.00
21-Feb-2019,125.65,126.70,132.05,126.00,130.75,131.20,128.47,387039,6053,104799,27.08
22-Feb-2019,131.20,130.75,135.40,129.40,131.00,131.50,131.97,450423,9908,116275,25.81
25-Feb-2019,131.50,132.45,133.45,128.80,131.10,131.00,131.07,193006,4571,69179,35.84
26-Feb-2019,131.00,128.75,129.40,125.00,127.00,126.65,126.90,129450,1703,61451,47.47
27-Feb-2019,126.65,127.00,130.50,123.60,125.20,125.65,127.41,144434,4256,48554,33.62
28-Feb-2019,125.65,125.00,127.80,125.00,126.20,126.55,126.25,55179,1376,18313,33.19
01-Mar-2019,126.55,126.55,130.75,126.55,129.45,128.85,129.15,122221,1767,46659,38.18
05-Mar-2019,128.85,130.50,136.20,129.50,134.00,134.35,134.15,276295,3063,126958,45.95
06-Mar-2019,134.35,136.80,143.75,136.00,139.00,139.25,140.27,798713,8065,289707,36.27
07-Mar-2019,139.25,140.05,140.75,134.60,135.40,135.65,138.05,201672,3659,92617,45.92
08-Mar-2019,135.65,135.40,136.65,133.50,134.75,134.20,135.03,139660,2539,59169,42.37
11-Mar-2019,134.20,134.70,141.30,134.65,137.40,137.65,138.96,387040,7684,171415,44.29
12-Mar-2019,137.65,138.20,141.75,138.20,139.55,139.55,139.61,196831,2841,92137,46.81
13-Mar-2019,139.55,139.00,139.60,135.40,136.00,136.20,136.89,128132,1812,51716,40.36
14-Mar-2019,136.20,138.50,138.50,134.00,136.00,135.10,135.66,101189,2921,42536,42.04
15-Mar-2019,135.10,136.00,138.75,132.00,133.20,133.85,135.99,196998,2754,78551,39.87
18-Mar-2019,133.85,134.00,136.85,132.00,134.50,134.25,134.26,134124,2367,64047,47.75
19-Mar-2019,134.25,135.60,139.80,133.70,138.50,137.80,137.82,264283,3556,102343,38.72
20-Mar-2019,137.80,138.00,138.00,135.60,136.30,136.30,136.48,88517,1568,46468,52.50
22-Mar-2019,136.30,137.60,139.00,134.10,135.90,135.35,135.63,200841,2117,128027,63.75
25-Mar-2019,135.35,133.20,137.75,132.75,133.50,133.80,134.64,128812,1957,73592,57.13
26-Mar-2019,133.80,134.00,135.15,130.00,131.70,132.25,133.24,173272,4555,106801,61.64
27-Mar-2019,132.25,133.20,134.50,130.50,132.00,133.25,132.81,191166,4306,124503,65.13
28-Mar-2019,133.25,135.00,137.85,134.55,135.70,135.70,136.26,196894,4890,89139,45.27
29-Mar-2019,135.70,136.50,136.50,129.40,129.65,131.50,133.43,186058,4647,126603,68.04
01-Apr-2019,131.50,132.05,134.90,131.05,133.90,133.10,133.23,145836,1942,62074,42.56
02-Apr-2019,133.10,133.85,134.00,121.75,127.35,126.75,127.14,463998,5399,209967,45.25
03-Apr-2019,126.75,127.80,135.00,127.80,134.00,133.65,131.82,680929,8315,243215,35.72
04-Apr-2019,133.65,133.75,134.85,130.65,131.65,131.55,132.17,188092,2492,89925,47.81
05-Apr-2019,131.55,131.00,133.20,130.95,132.80,132.45,132.10,87091,1408,36097,41.45
08-Apr-2019,132.45,134.40,134.40,131.10,132.30,131.95,132.54,133170,1059,102767,77.17
09-Apr-2019,131.95,131.75,134.75,130.10,133.30,133.35,132.03,58464,966,32503,55.59
10-Apr-2019,133.35,133.30,135.95,132.30,135.00,134.70,134.74,235023,2411,107653,45.81
11-Apr-2019,134.70,136.60,140.40,135.00,138.00,137.85,138.78,486940,5605,138076,28.36
12-Apr-2019,137.85,138.70,138.70,136.00,137.60,136.85,136.78,71707,1400,34966,48.76
15-Apr-2019,136.85,138.90,139.95,136.50,139.00,139.00,138.38,205315,2343,101377,49.38
16-Apr-2019,139.00,144.45,160.50,143.15,159.00,157.40,152.18,4071047,41693,688623,16.92
18-Apr-2019,157.40,159.65,169.00,157.25,158.80,158.95,163.66,2233548,22255,602389,26.97
22-Apr-2019,158.95,159.00,160.70,147.00,150.00,150.00,153.23,533692,8495,153097,28.69
23-Apr-2019,150.00,151.50,154.80,147.50,149.40,148.60,151.82,479441,7410,121045,25.25
24-Apr-2019,148.60,150.10,151.85,145.00,150.05,148.70,147.57,328335,4513,99170,30.20
25-Apr-2019,148.70,150.00,150.00,144.75,145.00,145.25,146.61,184209,2635,88736,48.17
26-Apr-2019,145.25,142.05,146.10,140.25,141.20,141.35,142.75,253639,4809,108522,42.79
30-Apr-2019,141.35,142.40,142.40,134.25,135.05,135.35,136.21,191339,3028,80610,42.13
02-May-2019,135.35,137.20,137.20,131.45,132.45,133.00,133.40,141136,2437,55194,39.11
03-May-2019,133.00,134.85,136.50,132.50,135.80,135.25,134.24,133405,2046,52876,39.64
06-May-2019,135.25,134.95,145.45,132.55,140.90,141.30,141.35,763877,9984,162419,21.26
08-May-2019,138.40,137.00,138.00,132.50,133.20,133.40,134.78,119856,2271,47284,39.45
09-May-2019,133.40,132.10,136.55,132.10,135.00,134.40,134.72,99110,1698,31640,31.92
10-May-2019,134.40,135.80,136.35,131.50,131.60,132.95,134.32,104527,1556,36693,35.10
13-May-2019,132.95,133.00,133.50,128.05,128.30,128.75,130.46,73776,1636,36387,49.32
14-May-2019,128.75,127.95,128.00,124.50,126.60,126.85,126.47,132890,2144,50682,38.14
15-May-2019,126.85,126.90,130.30,124.50,125.00,125.60,127.62,123377,1806,38976,31.59
16-May-2019,125.60,126.70,126.75,120.45,121.50,121.95,122.69,108570,1806,57097,52.59
17-May-2019,121.95,122.85,129.40,122.05,128.50,128.00,126.63,222740,4272,62926,28.25
20-May-2019,128.00,131.00,134.45,130.20,134.00,134.00,132.99,168307,3061,58404,34.70
21-May-2019,134.00,135.00,136.60,132.00,132.50,132.55,134.58,95640,1806,34094,35.65
22-May-2019,132.55,132.80,136.90,132.00,134.60,135.25,134.05,89051,1381,31462,35.33
23-May-2019,135.25,136.90,139.50,132.50,134.25,134.20,136.48,123973,2266,49236,39.72
24-May-2019,134.20,134.40,142.50,133.95,140.60,140.65,139.47,374575,4696,123505,32.97
27-May-2019,140.65,140.60,147.90,140.45,146.80,146.85,145.74,534319,5820,177810,33.28
28-May-2019,146.85,147.00,157.40,146.85,153.00,153.45,153.60,712617,8897,189588,26.60
29-May-2019,153.45,154.00,155.70,148.85,150.00,150.30,152.94,385075,5343,124274,32.27
30-May-2019,150.30,151.00,153.50,145.35,148.00,147.95,150.28,217160,3154,87010,40.07
31-May-2019,147.95,143.95,143.95,138.00,139.20,139.55,140.74,270979,3627,125779,46.42
03-Jun-2019,139.55,140.00,146.00,139.00,143.40,143.10,143.26,420783,5028,111354,26.46
04-Jun-2019,143.10,143.50,144.75,139.90,140.00,140.50,141.60,158974,2023,86964,54.70
06-Jun-2019,140.50,141.65,141.65,137.00,138.30,138.15,138.62,155302,2432,84374,54.33
07-Jun-2019,138.15,142.00,142.90,139.00,141.10,140.80,140.57,226623,3491,70632,31.17
10-Jun-2019,140.80,141.90,143.00,135.25,135.75,135.90,139.27,192815,3734,69340,35.96
11-Jun-2019,135.90,135.90,138.00,135.00,135.15,135.55,136.04,120396,1805,41978,34.87
12-Jun-2019,135.55,135.55,136.95,133.00,134.30,134.30,134.94,104721,1973,39231,37.46
13-Jun-2019,134.30,134.25,134.45,130.55,132.50,132.35,132.11,78883,1473,37517,47.56
14-Jun-2019,132.35,132.00,132.30,129.50,130.70,129.90,130.46,60755,1187,31821,52.38
18-Jun-2019,127.50,128.00,128.30,125.10,128.00,126.45,126.62,79929,2047,31515,37.23
19-Jun-2019,126.45,127.15,130.25,123.10,124.00,123.75,126.61,123104,2426,45564,37.01
20-Jun-2019,123.75,123.10,126.80,120.00,125.95,125.00,123.72,121747,3559,42403,34.83
21-Jun-2019,125.00,126.50,127.15,124.00,127.15,125.85,125.79,77359,1530,31375,40.56
24-Jun-2019,125.85,127.50,127.50,124.75,125.25,126.00,126.36,44486,1181,14012,31.50
25-Jun-2019,126.00,126.55,126.55,123.50,125.80,124.65,124.73,73908,1699,32914,44.53
26-Jun-2019,124.65,125.00,127.35,119.65,120.10,120.35,122.62,234580,7776,139390,59.42
27-Jun-2019,120.35,120.90,123.00,119.25,120.00,119.95,120.72,217372,6083,144706,66.57
28-Jun-2019,119.95,120.80,121.00,106.25,107.25,107.70,110.27,1358806,29446,879087,64.70
01-Jul-2019,107.70,108.75,112.85,108.20,111.50,111.70,111.13,645489,8662,262081,40.60
02-Jul-2019,111.70,112.65,114.80,112.00,114.00,113.60,113.34,379501,5800,125484,33.07
03-Jul-2019,113.60,114.00,117.00,113.55,116.15,115.85,115.73,456673,5118,152580,33.41
04-Jul-2019,115.85,116.65,116.95,114.45,116.55,116.50,115.65,344208,4960,171822,49.92
05-Jul-2019,116.50,116.95,118.70,111.15,112.50,113.00,116.07,362777,5030,110014,30.33
08-Jul-2019,113.00,112.10,112.75,105.35,107.00,106.50,108.09,241466,3574,109615,45.40
09-Jul-2019,106.50,106.45,108.00,104.55,107.00,106.35,106.26,161918,2291,59441,36.71
10-Jul-2019,106.35,106.35,109.00,104.25,104.70,104.65,105.98,130279,2071,67298,51.66
11-Jul-2019,104.65,106.05,108.30,104.15,104.50,104.70,105.53,147057,1930,59614,40.54
12-Jul-2019,104.70,106.50,106.50,101.05,101.90,101.90,102.58,242112,3704,153065,63.22
15-Jul-2019,101.90,102.15,102.50,97.50,98.00,98.30,99.16,212107,2999,107343,50.61
16-Jul-2019,98.30,97.35,98.50,90.05,91.20,90.75,92.80,906903,8469,490494,54.08
17-Jul-2019,90.75,92.00,95.00,90.10,92.20,92.10,93.15,497897,5373,150176,30.16
18-Jul-2019,92.10,92.10,93.05,90.25,91.50,91.60,91.46,183576,2176,80539,43.87
19-Jul-2019,91.60,90.85,91.60,86.00,88.20,88.35,88.40,381050,3689,197478,51.82
22-Jul-2019,88.35,87.00,90.00,85.35,87.60,87.05,88.13,187845,2585,73589,39.18
23-Jul-2019,87.05,87.05,89.90,87.05,89.55,89.30,88.89,182760,2234,72552,39.70
24-Jul-2019,89.30,89.00,91.65,89.00,89.80,90.00,90.84,228958,2658,71395,31.18
25-Jul-2019,90.00,88.55,90.70,87.10,87.75,87.95,89.01,159746,1832,73586,46.06
26-Jul-2019,87.95,88.00,90.00,86.30,88.85,88.45,88.64,173506,2151,68831,39.67
29-Jul-2019,88.45,88.50,89.40,86.50,86.75,87.15,87.46,90812,1333,31420,34.60
30-Jul-2019,87.15,86.10,88.35,84.10,85.45,85.10,85.69,207833,2104,115943,55.79
31-Jul-2019,85.10,84.00,87.60,82.00,87.30,86.30,84.66,171177,2395,70055,40.93
01-Aug-2019,86.30,84.25,87.00,84.25,86.50,86.05,85.98,98161,1404,54739,55.76
02-Aug-2019,86.05,84.20,87.45,84.00,87.00,86.80,85.57,111611,1588,52396,46.95
05-Aug-2019,86.80,84.00,86.00,81.40,81.90,82.50,83.34,164582,2498,94255,57.27
06-Aug-2019,82.50,81.00,83.80,80.10,81.70,82.00,82.06,130522,2798,62752,48.08
07-Aug-2019,82.00,83.35,83.35,81.25,81.25,81.50,82.17,68807,1489,27371,39.78
08-Aug-2019,81.50,81.95,81.95,80.10,81.30,80.95,80.95,90129,1342,51568,57.22
09-Aug-2019,80.95,81.25,92.35,81.10,89.80,90.20,89.25,598746,8131,145324,24.27
13-Aug-2019,90.20,87.80,91.50,85.25,86.00,86.10,88.55,110240,2064,51087,46.34
14-Aug-2019,86.10,88.75,89.00,83.65,84.80,87.50,86.20,381756,6138,57177,14.98
16-Aug-2019,87.50,84.25,86.00,83.55,84.70,84.60,84.80,97107,1725,55463,57.12
19-Aug-2019,84.60,84.60,86.90,83.20,85.80,85.90,85.66,104223,1677,35446,34.01
20-Aug-2019,85.90,85.80,85.80,82.15,83.45,83.50,83.81,140075,2342,91986,65.67
21-Aug-2019,83.50,84.90,85.35,81.60,81.80,81.95,83.50,98943,1996,31666,32.00
22-Aug-2019,81.95,81.95,82.65,77.60,78.25,77.85,79.24,104397,1789,45470,43.55
23-Aug-2019,77.85,78.70,80.45,76.20,79.60,79.65,78.50,112180,1794,50622,45.13
26-Aug-2019,79.65,80.45,83.25,80.10,82.50,82.70,81.82,115664,1613,47802,41.33
27-Aug-2019,82.70,82.95,85.95,81.75,83.10,83.20,83.50,241544,3115,97394,40.32
28-Aug-2019,83.20,83.05,85.50,80.00,80.60,80.90,82.86,145526,2888,44811,30.79
29-Aug-2019,80.90,81.90,83.40,79.15,79.65,80.00,81.26,111289,2303,35441,31.85
30-Aug-2019,80.00,80.25,81.50,78.25,78.70,78.90,79.41,95270,1304,59739,62.70
03-Sep-2019,78.90,78.80,79.90,77.20,78.05,77.95,78.31,47532,1220,17286,36.37
04-Sep-2019,77.95,77.95,80.40,77.60,79.25,79.70,79.20,58306,1575,25564,43.84
05-Sep-2019,79.70,79.55,82.10,79.55,81.15,80.50,81.10,106742,2132,35885,33.62
06-Sep-2019,80.50,80.55,83.35,80.40,81.50,81.70,82.11,139792,2249,45254,32.37
09-Sep-2019,81.70,83.60,89.25,81.25,87.80,87.80,85.84,376236,4108,129220,34.35
11-Sep-2019,87.80,88.60,93.60,88.25,92.60,92.60,91.30,430827,4934,168111,39.02
12-Sep-2019,92.60,94.50,95.50,90.60,92.00,91.80,93.59,188694,2653,94088,49.86
13-Sep-2019,91.80,92.40,98.80,90.50,97.25,97.35,96.39,480696,5241,138880,28.89
16-Sep-2019,97.35,95.85,98.70,94.55,95.95,96.50,96.99,284467,4439,99631,35.02
17-Sep-2019,96.50,95.95,96.90,90.50,91.00,91.25,93.61,217689,4434,114599,52.64
18-Sep-2019,91.25,91.20,92.85,89.25,91.20,91.15,91.26,125683,2466,45013,35.81
19-Sep-2019,91.15,92.10,92.10,86.80,88.55,88.10,88.85,112380,2231,44151,39.29
20-Sep-2019,88.10,88.95,94.60,86.00,91.90,91.45,90.57,353727,4822,154909,43.79
23-Sep-2019,91.45,93.40,97.75,92.50,95.00,94.65,95.11,262028,3888,96287,36.75
24-Sep-2019,94.65,94.95,110.50,94.05,108.50,107.65,103.39,1823588,14484,426906,23.41
25-Sep-2019,107.65,108.50,112.80,103.50,105.95,105.90,109.00,1105490,11673,291366,26.36
26-Sep-2019,105.90,106.05,107.00,101.85,103.50,103.30,103.92,278121,4056,100822,36.25
27-Sep-2019,103.30,103.30,109.00,101.05,104.25,104.25,105.61,511468,5977,105651,20.66
30-Sep-2019,104.25,104.25,104.30,96.60,97.40,97.70,98.81,226210,3977,93856,41.49
01-Oct-2019,97.70,102.10,104.65,98.25,98.30,99.20,101.30,526569,5979,124594,23.66
03-Oct-2019,99.20,98.80,98.80,95.00,96.80,95.45,96.05,203737,3228,74516,36.57
04-Oct-2019,95.45,95.50,97.65,91.75,92.75,92.40,94.83,156419,1916,72400,46.29
07-Oct-2019,92.40,92.05,93.80,91.10,91.25,91.50,92.34,89532,1386,38941,43.49
09-Oct-2019,91.50,92.55,92.65,88.20,89.20,89.75,89.66,166319,2437,70310,42.27
10-Oct-2019,89.75,90.10,95.35,88.80,91.00,91.55,92.30,286746,4511,71315,24.87
11-Oct-2019,91.55,92.20,92.95,89.10,89.50,89.45,90.78,185104,3093,77966,42.12
14-Oct-2019,89.45,90.20,91.50,88.50,89.05,89.20,90.03,144902,2232,45895,31.67
15-Oct-2019,89.20,89.85,90.75,88.50,89.45,89.50,90.00,139530,3557,30189,21.64
16-Oct-2019,89.50,90.05,91.95,89.10,89.50,89.55,90.44,171276,4726,31672,18.49
17-Oct-2019,89.55,93.00,95.00,91.60,92.00,92.10,92.55,354046,4914,90879,25.67
18-Oct-2019,92.10,92.70,93.80,91.00,92.30,92.45,92.72,128260,2027,55122,42.98
22-Oct-2019,92.45,92.50,95.35,90.50,94.00,93.95,93.71,240362,3077,107064,44.54
23-Oct-2019,93.95,94.00,102.50,93.15,99.85,99.75,99.37,687790,7773,199854,29.06
24-Oct-2019,99.75,99.70,104.00,99.00,100.30,100.60,101.69,434250,4816,137919,31.76
25-Oct-2019,100.60,100.55,104.35,99.85,102.90,102.30,102.35,273652,3235,113451,41.46
27-Oct-2019,102.30,103.20,103.70,102.05,102.75,102.65,102.88,71576,855,58732,82.06
29-Oct-2019,102.65,102.90,104.80,102.00,103.65,103.95,103.86,206336,4878,74046,35.89
30-Oct-2019,103.95,105.00,108.10,103.90,104.30,104.95,106.17,306755,6131,90182,29.40
31-Oct-2019,104.95,105.75,110.70,103.70,106.50,106.45,108.27,598685,7446,134989,22.55
01-Nov-2019,106.45,107.00,108.70,104.25,105.50,105.45,106.51,229569,3725,83052,36.18
04-Nov-2019,105.45,106.25,114.00,105.00,112.20,111.70,110.74,1082887,9110,353263,32.62
05-Nov-2019,111.70,112.50,115.25,110.15,111.50,111.80,112.84,501430,5982,154337,30.78
06-Nov-2019,111.80,111.80,111.90,106.10,106.80,106.80,108.59,210505,3380,91534,43.48
07-Nov-2019,106.80,106.85,107.85,99.15,99.90,101.10,103.62,301823,3838,175665,58.20
08-Nov-2019,101.10,100.75,105.90,99.20,99.60,100.05,102.27,453504,4564,174146,38.40
11-Nov-2019,100.05,100.60,101.55,96.00,98.30,97.90,99.01,220911,2729,93907,42.51
13-Nov-2019,97.90,98.40,103.25,98.10,98.95,98.90,100.37,242274,6050,91169,37.63
14-Nov-2019,98.90,99.80,99.85,93.40,94.20,94.55,96.03,210332,3264,99982,47.54
15-Nov-2019,94.55,94.75,97.40,94.65,96.50,96.10,96.06,134831,2811,45716,33.91
18-Nov-2019,96.10,96.50,104.50,96.00,104.30,103.35,101.48,627841,6301,210691,33.56
19-Nov-2019,103.35,104.50,104.70,97.65,99.20,99.50,100.92,329637,4289,95834,29.07
20-Nov-2019,99.50,100.00,100.40,95.10,96.70,96.80,98.25,219299,3823,104467,47.64
21-Nov-2019,96.80,97.45,98.60,96.00,97.00,96.95,97.29,163332,2434,53661,32.85
22-Nov-2019,96.95,98.00,99.00,97.20,98.20,98.00,98.09,138758,2452,47550,34.27
25-Nov-2019,98.00,98.70,98.70,97.20,97.75,97.80,97.84,105254,2558,28559,27.13
26-Nov-2019,97.80,98.70,104.55,98.10,100.00,99.65,102.06,638033,7300,154815,24.26
27-Nov-2019,99.65,100.25,100.25,95.50,96.65,96.65,96.79,374240,7964,189167,50.55
28-Nov-2019,96.65,97.50,97.50,95.30,96.40,96.30,96.46,169513,3066,67255,39.68
29-Nov-2019,96.30,97.15,97.65,94.15,94.30,94.50,96.05,252671,3064,122800,48.60
02-Dec-2019,94.50,95.30,95.30,94.05,94.75,94.75,94.69,121242,2179,40574,33.47
03-Dec-2019,94.75,95.90,95.90,91.80,93.70,92.95,93.04,163357,3996,44118,27.01
04-Dec-2019,92.95,92.70,94.45,92.00,93.00,93.30,93.32,120416,2578,40197,33.38
05-Dec-2019,93.30,93.35,94.50,92.10,92.40,92.65,93.29,135883,3298,33606,24.73
06-Dec-2019,92.65,92.95,93.00,90.75,91.25,91.25,91.94,117603,2454,43868,37.30
09-Dec-2019,91.25,92.25,92.25,88.70,89.00,89.05,90.02,201988,3283,99770,49.39
10-Dec-2019,89.05,89.55,90.85,88.50,90.10,89.85,89.99,171017,2839,67706,39.59
13-Dec-2019,91.55,91.55,94.80,91.25,93.45,93.25,93.23,176649,3122,61332,34.72
27-Dec-2019,93.65,95.40,100.80,95.40,98.50,98.95,98.72,2068781,15818,359478,17.38
30-Dec-2019,98.95,98.50,101.70,97.50,98.65,99.05,99.41,413404,3873,119351,28.87
31-Dec-2019,99.05,98.15,99.25,95.35,97.20,97.20,97.36,258568,4434,84478,32.67
01-Jan-2020,97.20,97.20,97.85,96.30,96.60,96.75,96.95,153261,3161,53317,34.79
02-Jan-2020,96.75,96.85,102.40,96.60,100.00,100.35,100.17,637039,7526,188149,29.53
03-Jan-2020,100.35,99.70,104.80,99.00,101.20,100.75,101.90,562843,7402,157536,27.99
