DATE,PREV_CLOSE,OPEN_PRICE,HIGH_PRICE,LOW_PRICE,LAST_PRICE,CLOSE_PRICE,AVG_PRICE,TTL_TRD_QNTY,NO_OF_TRADES,DELIV_QTY,DELIV_PER
02-Aug-2016,1866.05,1866.05,1890.00,1850.00,1852.05,1856.00,1866.30,9331,927,4413,47.29
03-Aug-2016,1856.00,1855.95,1869.80,1822.20,1825.00,1827.00,1842.75,7530,1413,2439,32.39
04-Aug-2016,1827.00,1826.00,1865.00,1811.00,1825.00,1819.75,1829.00,7778,1475,2866,36.85
05-Aug-2016,1819.75,1838.95,2128.00,1825.00,2022.95,2064.80,2018.07,208912,17814,43238,20.70
08-Aug-2016,2064.80,2079.70,2155.55,2061.30,2092.00,2091.35,2102.55,112737,9964,51698,45.86
09-Aug-2016,2091.35,2101.65,2101.65,2017.00,2043.00,2041.60,2065.54,35128,4706,11434,32.55
10-Aug-2016,2041.60,2049.00,2060.15,1975.00,1995.00,1991.25,2015.52,23619,3112,7880,33.36
11-Aug-2016,1991.25,1993.35,1997.10,1942.05,1980.00,1984.35,1970.38,20268,2345,8925,44.03
12-Aug-2016,1984.35,1998.55,2006.40,1975.00,1984.00,1984.90,1989.54,13132,1982,4619,35.17
16-Aug-2016,1984.90,1988.50,2054.65,1970.00,2000.00,1997.50,2002.71,24310,2563,11496,47.29
17-Aug-2016,1997.50,2004.80,2023.80,1982.05,1982.65,1993.15,2002.69,12272,1263,6506,53.01
18-Aug-2016,1993.15,2014.90,2029.00,1992.10,1994.00,2001.85,2014.22,36464,2802,13893,38.10
19-Aug-2016,2001.85,2000.00,2024.80,2000.00,2005.00,2008.00,2010.36,13627,1369,6345,46.56
22-Aug-2016,2008.00,2019.80,2024.00,1985.00,1990.00,1988.95,2003.62,15856,1409,8642,54.50
23-Aug-2016,1988.95,2008.00,2200.00,2008.00,2170.00,2166.15,2138.01,253190,22195,42408,16.75
24-Aug-2016,2166.15,2183.50,2238.00,2085.15,2105.50,2115.25,2177.50,327169,31324,56168,17.17
25-Aug-2016,2115.25,2101.00,2131.95,2027.00,2037.00,2038.15,2066.04,69848,7587,18645,26.69
26-Aug-2016,2038.15,2050.00,2059.00,2012.00,2012.60,2022.15,2035.49,35556,3735,11095,31.20
29-Aug-2016,2022.15,2006.80,2012.95,1940.00,1942.00,1946.10,1969.35,27245,3478,12279,45.07
30-Aug-2016,1946.10,1949.00,2018.70,1931.00,2007.00,2004.50,1974.04,61416,5369,22561,36.73
31-Aug-2016,2004.50,2005.00,2039.90,1981.35,1990.00,1993.70,2015.78,35047,2923,15261,43.54
01-Sep-2016,1993.70,1980.15,2018.00,1956.20,1975.00,1973.35,1997.78,16283,2513,4731,29.05
02-Sep-2016,1973.35,1976.00,1994.95,1961.15,1965.60,1969.10,1973.34,9788,1797,3517,35.93
06-Sep-2016,1969.10,2010.00,2015.95,1960.00,1968.00,1964.00,1978.56,10792,1765,4964,46.00
07-Sep-2016,1964.00,1979.45,1988.50,1960.00,1965.00,1966.50,1971.38,9127,1282,4772,52.28
08-Sep-2016,1966.50,1960.00,1990.00,1948.00,1954.90,1951.30,1967.85,14801,2399,6724,45.43
09-Sep-2016,1951.30,1951.30,1969.00,1939.50,1940.25,1942.80,1951.25,12372,1327,4971,40.18
12-Sep-2016,1942.80,1906.25,1950.00,1881.15,1890.00,1892.00,1916.03,20460,2230,10384,50.75
14-Sep-2016,1892.00,1909.00,1929.05,1851.30,1860.95,1858.65,1878.00,22789,2717,13874,60.88
15-Sep-2016,1858.65,1865.95,1895.00,1862.90,1870.00,1871.65,1878.56,12577,1879,5077,40.37
16-Sep-2016,1871.65,1880.95,1904.45,1862.00,1863.10,1869.70,1885.10,9388,1418,2952,31.44
19-Sep-2016,1869.70,1879.00,1934.90,1871.00,1900.00,1897.20,1906.42,24037,2756,8404,34.96
20-Sep-2016,1897.20,1914.95,1915.00,1872.00,1875.50,1876.20,1886.94,10590,1222,5350,50.52
21-Sep-2016,1876.20,1893.90,1899.00,1864.00,1870.00,1868.10,1881.18,11935,1341,5429,45.49
22-Sep-2016,1868.10,1884.80,1925.05,1873.00,1880.00,1882.40,1894.79,24415,2441,9351,38.30
23-Sep-2016,1882.40,1897.95,1910.35,1885.00,1899.00,1890.70,1895.45,11837,1205,6276,53.02
26-Sep-2016,1890.70,1898.00,1923.95,1871.10,1912.00,1903.35,1896.39,12061,1615,5571,46.19
27-Sep-2016,1903.35,1920.00,1990.00,1920.00,1951.50,1954.75,1962.59,48823,4655,17765,36.39
28-Sep-2016,1954.75,1980.00,2019.80,1965.10,1999.90,1999.45,1994.17,43010,4342,16574,38.54
29-Sep-2016,1999.45,2024.00,2049.80,1871.05,1901.00,1903.30,1983.81,53497,5034,21586,40.35
30-Sep-2016,1903.30,1920.95,1990.00,1920.95,1989.15,1976.35,1952.33,32789,3219,12330,37.60
03-Oct-2016,1976.35,2019.50,2079.00,2014.95,2060.00,2062.10,2051.36,44099,4366,22554,51.14
04-Oct-2016,2062.10,2085.00,2121.00,2075.00,2087.10,2084.55,2100.47,42558,4933,17014,39.98
05-Oct-2016,2084.55,2094.55,2146.00,2065.00,2138.00,2139.90,2121.07,44270,4722,16814,37.98
06-Oct-2016,2139.90,2150.00,2173.95,2086.05,2106.10,2104.60,2142.19,43376,4715,16334,37.66
07-Oct-2016,2104.60,2129.00,2129.00,1990.10,2025.00,2005.15,2026.36,67337,9431,29670,44.06
10-Oct-2016,2005.15,775.00,839.90,754.00,822.00,817.80,811.18,318427,18386,48214,15.14
13-Oct-2016,817.80,816.90,818.00,791.00,795.00,794.75,804.33,52952,3046,18874,35.64
14-Oct-2016,794.75,795.05,814.00,785.50,788.00,792.15,800.32,53555,2995,19319,36.07
17-Oct-2016,792.15,790.00,798.90,766.00,768.00,768.95,779.72,40014,2566,20235,50.57
18-Oct-2016,768.95,770.05,784.00,755.60,760.95,758.40,767.78,52340,3338,21114,40.34
19-Oct-2016,758.40,763.80,780.00,757.00,763.40,761.20,765.64,43589,3457,15873,36.42
20-Oct-2016,761.20,764.85,774.15,757.30,762.00,762.95,766.19,24502,1852,11848,48.36
21-Oct-2016,762.95,762.00,774.00,761.00,766.50,768.80,768.26,28887,2284,11970,41.44
24-Oct-2016,768.80,770.65,785.60,770.00,771.00,771.90,775.13,30617,1591,19038,62.18
25-Oct-2016,771.90,771.50,774.95,752.00,757.50,755.60,760.62,24413,1691,12303,50.40
26-Oct-2016,755.60,760.00,770.00,749.25,751.00,754.05,760.17,27626,1740,12857,46.54
27-Oct-2016,754.05,757.90,762.85,740.00,744.90,742.60,747.31,11250,885,6337,56.33
28-Oct-2016,742.60,742.10,810.00,742.10,789.80,790.00,789.36,149231,8070,50608,33.91
30-Oct-2016,790.00,794.70,797.85,786.00,793.00,792.35,791.69,27205,1178,19710,72.45
01-Nov-2016,792.35,792.00,809.00,780.00,786.00,784.85,793.92,31692,2074,15236,48.08
02-Nov-2016,784.85,780.00,785.55,766.00,766.25,768.85,774.51,24299,1593,13223,54.42
03-Nov-2016,768.85,765.00,792.90,759.30,768.00,767.65,777.34,45136,3388,21335,47.27
04-Nov-2016,767.65,780.00,782.00,750.00,765.00,762.20,762.71,39608,2300,20964,52.93
07-Nov-2016,762.20,773.00,814.90,736.25,764.20,766.50,776.57,522825,24125,74954,14.34
08-Nov-2016,766.50,784.00,799.00,770.00,780.00,783.45,788.54,126653,5531,46860,37.00
09-Nov-2016,783.45,709.45,771.00,655.55,747.00,745.45,730.19,84335,4717,30326,35.96
10-Nov-2016,745.45,765.00,775.00,745.45,759.00,755.45,764.12,31274,1810,13070,41.79
11-Nov-2016,755.45,763.90,763.90,718.00,725.00,721.15,733.52,32032,2816,15996,49.94
15-Nov-2016,721.15,701.00,750.00,685.00,687.05,694.15,705.40,27593,2223,12814,46.44
16-Nov-2016,694.15,709.80,724.00,670.00,674.00,677.95,688.81,20399,1648,7959,39.02
17-Nov-2016,677.95,689.00,697.25,658.20,662.00,665.75,673.50,23039,2020,10356,44.95
18-Nov-2016,665.75,660.05,672.30,645.00,650.00,649.30,655.87,27025,1987,11432,42.30
21-Nov-2016,649.30,650.50,658.00,613.00,617.00,616.75,628.12,29517,1851,16491,55.87
22-Nov-2016,616.75,625.45,634.95,585.00,592.70,591.30,601.54,37511,2233,22004,58.66
23-Nov-2016,591.30,614.00,615.00,597.00,598.00,599.25,604.73,51653,2668,25884,50.11
24-Nov-2016,599.25,600.00,655.00,591.30,637.10,631.25,631.27,84424,4743,22759,26.96
25-Nov-2016,631.25,641.00,690.00,621.10,683.00,680.65,661.37,128678,7253,38603,30.00
28-Nov-2016,680.65,687.00,723.95,682.05,717.00,715.10,704.01,69479,4413,18501,26.63
29-Nov-2016,715.10,726.35,735.90,705.00,712.00,713.60,725.02,43930,2717,14941,34.01
30-Nov-2016,713.60,732.00,732.00,715.30,718.00,719.55,722.76,24197,1561,7988,33.01
01-Dec-2016,719.55,720.70,725.00,693.00,701.05,703.35,707.55,29486,2338,11226,38.07
02-Dec-2016,703.35,699.95,699.95,680.05,681.00,683.30,688.79,21987,1772,9026,41.05
05-Dec-2016,683.30,683.30,708.00,683.30,695.00,694.55,697.75,22109,1632,6236,28.21
06-Dec-2016,694.55,698.10,714.95,688.55,694.90,693.55,699.74,15917,1503,4536,28.50
07-Dec-2016,693.55,703.00,703.00,677.50,684.00,682.75,689.15,11236,890,4299,38.26
08-Dec-2016,682.75,689.05,702.30,683.90,693.00,692.20,694.92,14279,1492,5314,37.22
09-Dec-2016,692.20,699.00,710.00,691.40,698.00,698.50,702.51,28057,2156,9736,34.70
12-Dec-2016,698.50,699.55,708.60,685.00,692.05,691.00,697.93,17796,1251,7913,44.47
13-Dec-2016,691.00,695.95,698.00,683.10,685.00,685.00,687.73,15557,1282,6467,41.57
14-Dec-2016,685.00,689.55,695.00,678.00,678.00,681.20,687.03,12507,868,5262,42.07
15-Dec-2016,681.20,676.35,694.00,675.00,687.00,683.80,685.97,28538,1612,10781,37.78
16-Dec-2016,683.80,691.90,693.95,675.00,687.95,683.45,686.61,22556,1633,7424,32.91
19-Dec-2016,683.45,678.05,693.60,632.25,647.00,643.65,657.60,48920,3343,29769,60.85
20-Dec-2016,643.65,649.70,702.00,649.70,672.90,670.05,681.54,259888,13425,32322,12.44
21-Dec-2016,670.05,676.60,678.80,660.00,668.00,665.25,667.15,38975,2369,12957,33.24
22-Dec-2016,665.25,664.80,665.90,650.20,653.15,654.30,655.62,16028,1302,6192,38.63
23-Dec-2016,654.30,668.95,669.90,652.10,659.65,656.05,662.00,22566,1628,7980,35.36
26-Dec-2016,656.05,656.05,658.55,630.00,632.00,632.35,637.98,25468,2372,10457,41.06
27-Dec-2016,632.35,643.80,643.80,631.00,635.80,635.05,636.30,15622,1436,7656,49.01
28-Dec-2016,635.05,641.95,657.80,639.00,641.00,641.90,646.90,33334,1991,13433,40.30
29-Dec-2016,641.90,646.40,650.95,635.00,640.00,639.55,640.96,31811,1172,25544,80.30
30-Dec-2016,639.55,644.35,654.90,643.00,644.05,646.15,648.81,26256,1693,10641,40.53
02-Jan-2017,646.15,652.00,693.35,650.00,673.00,674.20,677.33,129163,6427,43788,33.90
03-Jan-2017,674.20,678.90,720.00,673.10,709.00,707.80,698.26,154379,7083,65975,42.74
04-Jan-2017,707.80,714.00,724.00,701.00,713.00,709.40,713.70,84066,4243,38898,46.27
05-Jan-2017,709.40,717.30,729.95,708.00,718.00,714.65,718.54,80946,3664,38149,47.13
06-Jan-2017,714.65,719.95,721.15,700.00,712.05,710.25,710.04,66926,3404,28656,42.82
09-Jan-2017,710.25,719.95,739.90,680.00,683.00,686.20,709.61,420941,18134,106505,25.30
10-Jan-2017,686.20,699.00,702.05,677.30,686.00,681.85,689.15,75695,3354,23849,31.51
11-Jan-2017,681.85,690.00,690.00,675.70,679.00,679.05,681.74,27364,1550,12436,45.45
12-Jan-2017,679.05,680.00,689.00,670.30,671.00,673.75,679.17,52351,2191,23521,44.93
13-Jan-2017,673.75,679.90,682.50,663.10,669.00,667.55,668.01,38842,1829,20430,52.60
16-Jan-2017,667.55,660.25,662.60,646.00,650.90,648.80,654.42,57658,2445,33024,57.28
17-Jan-2017,648.80,651.95,667.80,639.50,644.00,643.10,651.40,63306,3113,25636,40.50
18-Jan-2017,643.10,643.00,653.05,638.45,647.15,648.75,645.01,60934,2238,34208,56.14
19-Jan-2017,648.75,653.90,657.00,642.00,645.90,646.50,651.13,28106,1482,12921,45.97
20-Jan-2017,646.50,646.50,646.50,635.00,637.00,636.50,639.10,23350,1394,11623,49.78
23-Jan-2017,636.50,637.05,637.55,616.00,619.00,618.15,623.54,39620,2016,20459,51.64
24-Jan-2017,618.15,625.90,625.90,599.00,611.55,612.15,612.06,69451,3063,38048,54.78
25-Jan-2017,612.15,612.00,630.00,610.05,620.05,619.35,623.08,74311,2799,31298,42.12
27-Jan-2017,619.35,623.95,634.00,615.00,621.00,618.55,624.28,47229,2279,19520,41.33
30-Jan-2017,618.55,620.00,628.75,610.20,615.90,614.00,619.84,50649,2235,24473,48.32
31-Jan-2017,614.00,615.00,620.45,607.00,609.40,610.00,612.73,35021,1553,20989,59.93
01-Feb-2017,610.00,614.60,620.00,602.00,615.05,613.25,610.12,28358,1668,13901,49.02
02-Feb-2017,613.25,615.00,635.00,612.50,629.00,628.45,627.94,86520,3411,27510,31.80
03-Feb-2017,628.45,629.50,645.00,625.00,625.00,632.80,637.33,45999,1897,21009,45.67
06-Feb-2017,632.80,632.80,648.20,627.00,629.10,630.70,635.03,49865,2398,17242,34.58
07-Feb-2017,630.70,632.10,638.00,620.00,621.50,622.15,629.79,32070,1745,14006,43.67
08-Feb-2017,622.15,625.10,628.95,619.25,622.00,622.00,624.44,24303,1363,6978,28.71
09-Feb-2017,622.00,627.90,629.80,615.05,616.90,617.70,622.60,30926,1152,14497,46.88
10-Feb-2017,617.70,620.70,625.00,615.00,617.50,616.05,619.19,36192,1169,22098,61.06
13-Feb-2017,616.05,622.80,622.80,598.45,609.70,606.45,609.64,45456,1907,15826,34.82
14-Feb-2017,606.45,609.00,611.75,597.00,600.10,601.45,605.57,26389,1110,11518,43.65
15-Feb-2017,601.45,602.10,608.35,582.05,584.40,585.85,595.18,44631,2289,25535,57.21
16-Feb-2017,585.85,585.85,598.05,585.85,596.00,593.05,592.91,35832,1501,12718,35.49
17-Feb-2017,593.05,598.00,610.00,593.10,601.40,602.50,602.18,33460,2246,12617,37.71
20-Feb-2017,602.50,606.00,609.90,584.00,594.00,592.75,598.68,40421,2941,18528,45.84
21-Feb-2017,592.75,597.95,605.00,591.00,594.80,593.15,596.63,23380,1120,11556,49.43
22-Feb-2017,593.15,594.80,601.40,585.00,590.00,588.75,591.06,32742,1634,14497,44.28
23-Feb-2017,588.75,593.15,593.15,585.00,589.65,586.75,587.51,21810,1119,10141,46.50
27-Feb-2017,586.75,588.05,589.80,576.05,577.40,578.90,582.68,27591,1474,15788,57.22
28-Feb-2017,578.90,584.00,584.00,572.00,583.00,581.25,578.37,56439,2374,28738,50.92
01-Mar-2017,581.25,583.50,587.95,570.10,587.00,581.90,582.69,35833,2032,15401,42.98
02-Mar-2017,581.90,587.75,663.80,586.00,638.85,638.55,645.38,961815,37535,119826,12.46
03-Mar-2017,638.55,636.90,643.70,613.00,620.00,620.90,626.16,127135,5801,27947,21.98
06-Mar-2017,620.90,619.00,631.00,610.10,615.00,614.70,620.36,66292,3590,21293,32.12
07-Mar-2017,614.70,618.00,647.00,614.70,632.15,630.45,635.39,220227,8704,48904,22.21
08-Mar-2017,630.45,631.00,640.00,620.05,630.00,628.70,629.09,58369,2695,18231,31.23
09-Mar-2017,628.70,627.50,637.00,620.90,631.50,632.90,629.98,50341,2420,21999,43.70
10-Mar-2017,632.90,639.00,647.00,623.00,624.10,626.60,636.16,76001,3041,31659,41.66
14-Mar-2017,626.60,645.00,645.00,620.05,627.00,624.85,629.31,31902,1790,13351,41.85
15-Mar-2017,624.85,625.00,632.45,618.05,620.90,620.90,624.95,23669,1191,10326,43.63
16-Mar-2017,620.90,621.15,629.95,621.15,622.35,624.10,626.09,21613,1118,10004,46.29
17-Mar-2017,624.10,624.00,628.75,615.00,617.95,616.80,620.27,25305,1228,15460,61.09
20-Mar-2017,616.80,623.85,623.85,609.15,614.50,612.95,615.57,19901,1365,9255,46.51
21-Mar-2017,612.95,617.95,618.50,598.05,602.00,600.70,605.31,37940,2165,20582,54.25
22-Mar-2017,600.70,598.05,600.00,590.70,592.65,591.85,594.92,21966,1261,10510,47.85
23-Mar-2017,591.85,592.70,600.00,591.95,594.15,593.90,596.11,30227,1459,11677,38.63
24-Mar-2017,593.90,598.60,632.05,595.00,609.00,608.30,616.46,105968,5722,33771,31.87
27-Mar-2017,608.30,614.00,624.00,605.00,609.90,606.75,612.36,42222,2153,11577,27.42
28-Mar-2017,606.75,612.00,623.00,600.20,605.25,605.60,611.68,49960,2207,18348,36.73
29-Mar-2017,605.60,606.30,611.00,598.00,600.00,602.90,604.23,54839,1818,35966,65.58
30-Mar-2017,602.90,603.00,617.90,599.05,601.50,602.00,606.97,48896,2060,18942,38.74
31-Mar-2017,602.00,604.00,611.80,604.00,607.95,606.15,608.25,35263,1120,20033,56.81
03-Apr-2017,606.15,611.75,616.45,606.20,612.40,611.85,612.50,29255,1348,14455,49.41
05-Apr-2017,611.85,617.65,617.65,605.05,609.00,607.95,610.41,25933,1375,14211,54.80
06-Apr-2017,607.95,607.95,614.85,604.00,604.00,605.25,607.03,19513,1031,10095,51.73
07-Apr-2017,605.25,607.70,608.00,598.05,599.05,599.10,602.91,36593,1465,20244,55.32
10-Apr-2017,599.10,604.50,608.00,593.45,600.00,600.60,601.08,40421,1820,18390,45.50
11-Apr-2017,600.60,605.75,605.75,597.15,600.00,600.00,600.79,19279,925,10806,56.05
12-Apr-2017,600.00,600.05,604.40,590.10,591.90,591.45,595.98,30356,1202,18817,61.99
13-Apr-2017,591.45,595.45,612.95,587.00,598.00,597.00,604.24,47700,1872,17543,36.78
17-Apr-2017,597.00,598.00,602.00,582.90,594.05,595.55,596.14,25380,1105,13170,51.89
18-Apr-2017,595.55,595.00,597.60,577.00,579.10,579.60,587.33,52366,2180,34529,65.94
19-Apr-2017,579.60,580.00,585.00,562.85,573.00,569.50,570.93,113767,3590,50185,44.11
20-Apr-2017,569.50,574.55,580.05,565.10,569.00,569.15,570.86,50394,1995,24506,48.63
21-Apr-2017,569.15,574.90,577.90,570.00,574.30,573.30,573.34,25875,1862,15336,59.27
24-Apr-2017,573.30,577.75,578.00,559.00,560.00,562.70,566.72,30546,1213,19631,64.27
25-Apr-2017,562.70,565.95,565.95,554.00,556.00,555.50,558.30,45872,2313,23459,51.14
26-Apr-2017,555.50,556.00,565.95,542.00,546.10,548.10,557.03,62151,2752,24148,38.85
27-Apr-2017,548.10,553.70,553.70,472.05,520.25,518.85,507.57,555948,20381,140335,25.24
28-Apr-2017,518.85,526.00,566.70,523.55,555.25,553.50,551.76,393254,14188,76923,19.56
02-May-2017,553.50,562.00,565.00,543.20,544.80,545.45,551.52,70800,3464,27417,38.72
03-May-2017,545.45,548.00,557.00,541.00,553.00,548.30,547.93,61753,2347,24341,39.42
04-May-2017,548.30,555.00,585.00,555.00,579.15,579.70,576.76,214741,6876,67548,31.46
05-May-2017,579.70,583.10,611.65,573.00,596.50,598.40,598.47,289578,10175,77579,26.79
08-May-2017,598.40,602.95,618.70,601.00,604.00,604.20,609.04,108747,3439,54204,49.84
09-May-2017,604.20,607.95,619.00,605.25,617.35,616.85,612.71,99283,3260,53009,53.39
10-May-2017,616.85,621.00,645.00,620.00,624.00,623.90,631.73,716250,21384,227730,31.79
11-May-2017,623.90,628.00,640.00,606.70,618.80,616.60,629.26,122892,4576,59985,48.81
12-May-2017,616.60,620.80,620.80,591.05,593.00,593.10,601.15,91058,3804,51008,56.02
15-May-2017,593.10,599.70,612.00,590.10,597.00,595.50,596.61,768756,4260,613702,79.83
16-May-2017,595.50,592.50,619.70,589.80,595.80,595.25,597.39,408853,4314,258087,63.12
17-May-2017,595.25,599.50,610.70,590.10,595.35,595.50,599.96,63090,2880,17391,27.57
18-May-2017,595.50,594.40,608.00,590.00,598.15,598.65,601.58,79007,2564,37956,48.04
19-May-2017,598.65,601.00,604.00,580.25,584.00,584.65,588.09,276924,2452,177455,64.08
22-May-2017,584.65,588.00,594.00,544.65,579.00,573.65,575.71,275474,3435,111426,40.45
23-May-2017,573.65,576.00,578.95,550.00,555.50,558.35,564.71,79236,2042,37575,47.42
24-May-2017,558.35,559.95,585.00,555.10,564.90,559.70,564.87,58857,1935,33349,56.66
25-May-2017,559.70,553.05,566.45,553.05,556.20,557.25,559.15,35589,1175,17554,49.32
26-May-2017,557.25,558.50,566.00,557.05,562.65,561.70,563.34,79005,1336,40161,50.83
29-May-2017,561.70,562.35,571.00,559.60,564.00,563.80,563.32,261091,1346,218042,83.51
30-May-2017,563.80,557.00,567.80,557.00,563.00,564.15,564.54,49087,800,34616,70.52
31-May-2017,564.15,565.00,578.00,564.95,572.55,573.50,570.75,36240,1349,16840,46.47
01-Jun-2017,573.50,574.65,606.90,571.60,593.50,591.65,595.00,122107,5060,48178,39.46
02-Jun-2017,591.65,596.95,602.00,585.05,587.00,587.40,591.14,48214,2039,16079,33.35
05-Jun-2017,587.40,592.90,592.90,577.90,580.00,578.85,583.86,37145,1209,25454,68.53
06-Jun-2017,578.85,580.00,584.85,565.15,566.00,567.20,574.04,48713,1460,33758,69.30
07-Jun-2017,567.20,567.50,575.90,557.40,558.85,561.25,567.03,41113,1134,23905,58.14
08-Jun-2017,561.25,566.45,572.00,558.25,560.00,560.55,563.25,35422,1376,16256,45.89
09-Jun-2017,560.55,561.05,562.00,540.00,550.90,552.50,552.04,51355,2077,26331,51.27
12-Jun-2017,552.50,550.00,569.00,548.00,552.40,550.15,558.25,98864,2998,54934,55.57
13-Jun-2017,550.15,550.25,557.40,540.20,543.00,544.35,552.22,84736,1460,64291,75.87
14-Jun-2017,544.35,545.00,559.45,540.15,554.00,552.05,550.08,48865,1977,20122,41.18
15-Jun-2017,552.05,552.10,581.90,552.05,573.55,574.70,568.83,121438,4252,56664,46.66
16-Jun-2017,574.70,577.00,614.90,576.95,607.30,608.65,601.73,294586,7011,131931,44.79
19-Jun-2017,608.65,611.35,619.05,596.30,597.00,600.65,609.00,176545,4766,86099,48.77
20-Jun-2017,600.65,598.05,606.85,584.60,589.00,588.05,591.12,142023,2420,81268,57.22
21-Jun-2017,588.05,587.95,587.95,578.10,582.05,581.50,581.51,80220,1246,48520,60.48
22-Jun-2017,581.50,585.70,585.70,563.65,563.65,567.00,576.33,206433,2279,96455,46.72
23-Jun-2017,567.00,567.00,571.85,555.00,560.00,557.75,562.44,77244,2193,31078,40.23
27-Jun-2017,557.75,558.00,558.00,543.00,548.00,547.45,550.12,57833,2250,21413,37.03
28-Jun-2017,547.45,546.10,548.00,535.00,535.20,537.45,541.99,79722,1866,48530,60.87
29-Jun-2017,537.45,535.30,546.65,535.00,542.05,540.45,541.63,58687,1452,35341,60.22
30-Jun-2017,540.45,537.00,544.60,534.45,543.00,542.65,540.25,59369,1677,28628,48.22
03-Jul-2017,542.65,545.90,547.40,538.00,538.95,538.85,541.66,39486,1508,20348,51.53
04-Jul-2017,538.85,540.00,565.00,538.00,557.00,555.65,554.03,91267,3018,49436,54.17
05-Jul-2017,555.65,556.55,565.50,548.80,552.00,550.95,558.80,80801,2070,45113,55.83
06-Jul-2017,550.95,553.20,555.00,549.00,550.30,551.35,552.38,30786,826,21084,68.49
07-Jul-2017,551.35,555.70,555.95,545.00,547.00,547.00,548.74,34157,884,25076,73.41
10-Jul-2017,547.00,547.00,558.45,525.15,547.95,548.50,550.77,24593,299,22727,92.41
11-Jul-2017,548.50,554.90,554.90,539.00,540.00,541.50,544.42,44016,1594,21746,49.40
12-Jul-2017,541.50,541.65,547.75,539.00,543.35,542.65,543.19,28339,973,13108,46.25
13-Jul-2017,542.65,546.60,564.00,540.00,540.10,543.00,548.57,73805,2763,23499,31.84
14-Jul-2017,543.00,545.00,545.05,539.20,540.50,540.45,541.57,33012,1004,20851,63.16
17-Jul-2017,540.45,541.40,552.50,540.00,543.90,541.60,545.49,31488,1281,14644,46.51
18-Jul-2017,541.60,542.00,544.50,534.00,536.95,536.00,539.13,24066,966,12590,52.31
19-Jul-2017,536.00,538.85,539.45,529.15,531.00,531.30,532.92,42559,1554,29563,69.46
20-Jul-2017,531.30,527.00,533.40,507.20,518.00,517.20,519.38,72916,3002,41295,56.63
21-Jul-2017,517.20,520.00,544.45,512.90,536.00,535.05,534.99,85509,3328,28411,33.23
24-Jul-2017,535.05,536.00,537.90,522.20,524.00,523.55,524.47,169291,1285,157583,93.08
25-Jul-2017,523.55,524.25,539.00,524.25,532.00,530.60,531.30,24416,1255,10983,44.98
26-Jul-2017,530.60,534.35,540.40,528.10,540.00,538.70,536.12,26082,950,14602,55.98
27-Jul-2017,538.70,542.80,544.45,532.05,540.00,535.85,539.87,207896,1388,88750,42.69
28-Jul-2017,535.85,541.00,542.90,530.20,539.90,539.10,536.44,22645,968,11273,49.78
31-Jul-2017,539.10,541.00,567.60,534.45,545.00,544.30,543.75,475580,5475,213884,44.97
01-Aug-2017,544.30,545.45,548.85,537.00,544.00,542.70,542.70,199369,1226,87710,43.99
02-Aug-2017,542.70,542.70,546.80,537.10,541.00,541.85,542.13,17441,684,6935,39.76
03-Aug-2017,541.85,544.60,544.60,531.40,534.00,532.85,535.57,20800,1103,9718,46.72
04-Aug-2017,532.85,534.80,535.10,525.10,528.00,526.05,528.65,12769,695,7458,58.41
07-Aug-2017,526.05,533.90,533.90,523.00,527.50,529.90,528.07,17760,770,8985,50.59
08-Aug-2017,529.90,531.55,533.45,520.30,520.30,522.15,525.68,16144,934,6687,41.42
09-Aug-2017,522.15,520.00,524.90,511.50,512.00,514.15,518.32,22918,2131,11268,49.17
10-Aug-2017,514.15,511.10,515.90,480.10,501.20,499.65,501.62,41639,1510,26974,64.78
11-Aug-2017,499.65,498.00,498.00,487.00,490.00,491.50,493.26,77367,1522,42464,54.89
14-Aug-2017,491.50,491.50,500.90,483.95,484.00,486.25,489.50,36167,1448,17782,49.17
16-Aug-2017,486.25,494.00,505.75,486.50,496.25,498.50,495.62,86828,2177,36328,41.84
17-Aug-2017,498.50,501.50,511.10,489.35,494.00,492.15,496.94,49959,2044,19163,38.36
18-Aug-2017,492.15,492.15,495.05,487.00,490.00,489.45,491.67,40867,1124,18459,45.17
21-Aug-2017,489.45,497.00,529.00,497.00,511.20,514.65,513.57,144086,3477,69174,48.01
22-Aug-2017,514.65,520.00,522.00,483.80,495.00,494.35,496.36,69303,2058,31949,46.10
23-Aug-2017,494.35,492.10,507.40,492.10,496.00,497.05,499.02,66105,1462,31514,47.67
24-Aug-2017,497.05,500.45,511.40,497.10,510.00,509.10,503.53,154411,2365,77030,49.89
28-Aug-2017,509.10,512.00,520.00,502.00,507.50,509.60,508.67,100588,2682,41969,41.72
29-Aug-2017,509.60,515.00,529.70,493.50,495.50,496.85,510.90,240479,5536,121184,50.39
30-Aug-2017,496.85,505.00,509.95,494.60,495.30,496.30,501.18,45364,1697,26097,57.53
31-Aug-2017,496.30,500.50,501.10,490.00,498.15,494.70,494.84,68656,1761,44128,64.27
01-Sep-2017,494.70,494.05,499.90,494.05,497.75,496.35,496.70,30026,1290,18715,62.33
04-Sep-2017,496.35,500.00,507.05,492.05,498.00,495.30,497.55,57430,1478,29158,50.77
05-Sep-2017,495.30,495.00,502.80,494.95,499.70,498.65,498.35,46811,1409,19314,41.26
06-Sep-2017,498.65,499.75,499.75,494.00,496.00,494.75,496.47,18760,689,12370,65.94
07-Sep-2017,494.75,499.60,499.60,473.95,475.95,478.45,483.97,58697,1976,42962,73.19
08-Sep-2017,478.45,480.95,487.00,431.10,449.00,447.30,449.26,316344,9608,149220,47.17
11-Sep-2017,447.30,450.00,455.70,443.50,447.00,447.20,448.52,88517,2806,48153,54.40
12-Sep-2017,447.20,447.10,454.85,441.05,445.30,445.15,447.02,41591,1188,18781,45.16
13-Sep-2017,445.15,449.00,449.00,381.00,397.00,400.75,404.02,700970,15625,294315,41.99
14-Sep-2017,400.75,403.00,426.00,401.00,407.00,408.65,413.21,288682,7493,96754,33.52
15-Sep-2017,408.65,405.00,418.65,403.00,404.00,406.00,407.16,189641,4783,85492,45.08
18-Sep-2017,406.00,406.15,411.80,399.00,400.40,401.15,404.78,102423,2520,47072,45.96
19-Sep-2017,401.15,403.00,403.85,389.00,391.00,391.30,394.81,105839,3230,57191,54.04
20-Sep-2017,391.30,391.25,395.20,386.60,389.00,388.95,390.41,106019,2365,49853,47.02
21-Sep-2017,388.95,392.80,393.00,386.00,388.20,388.75,389.91,71864,1687,37326,51.94
22-Sep-2017,388.75,389.80,390.00,378.45,380.70,381.05,382.57,67068,2313,36464,54.37
25-Sep-2017,381.05,386.40,456.05,378.10,380.00,381.30,390.96,157535,5871,64355,40.85
26-Sep-2017,381.30,384.50,388.00,368.00,369.55,370.65,377.06,88575,3025,49028,55.35
27-Sep-2017,370.65,373.00,388.00,364.70,368.75,369.50,373.05,126227,3563,57270,45.37
28-Sep-2017,369.50,370.00,383.00,366.60,377.35,377.05,373.34,111011,2401,76394,68.82
29-Sep-2017,377.05,380.35,395.00,376.00,379.60,377.30,383.54,196809,4908,60776,30.88
03-Oct-2017,377.30,379.00,393.60,373.00,379.00,376.20,379.95,181544,3645,72788,40.09
04-Oct-2017,376.20,379.05,451.40,378.90,451.40,451.40,424.33,971942,20987,362537,37.30
05-Oct-2017,451.40,468.00,525.00,465.20,482.65,481.90,499.65,2188291,57850,357066,16.32
06-Oct-2017,481.90,488.00,518.40,472.20,510.80,509.75,499.29,1083987,28058,191873,17.70
09-Oct-2017,509.75,510.95,516.00,493.05,500.25,506.35,507.09,325388,9661,80461,24.73
10-Oct-2017,506.35,506.40,525.00,502.00,502.65,505.00,512.67,280821,7625,69910,24.89
11-Oct-2017,505.00,508.50,515.65,476.60,478.65,480.40,492.34,192649,5510,78236,40.61
12-Oct-2017,480.40,482.25,509.70,481.55,504.30,504.90,498.51,260763,8382,81884,31.40
13-Oct-2017,504.90,506.10,514.85,490.00,493.00,491.60,504.08,182547,7231,62066,34.00
16-Oct-2017,491.60,498.95,508.00,494.50,495.00,496.65,498.94,153943,5101,57720,37.49
17-Oct-2017,496.65,497.90,507.80,491.05,498.95,498.60,501.57,131804,4218,41992,31.86
18-Oct-2017,498.60,498.90,506.80,494.00,502.30,501.95,502.28,113525,4360,44333,39.05
19-Oct-2017,501.95,503.90,506.50,498.00,499.15,499.45,501.40,27736,889,16892,60.90
23-Oct-2017,499.45,494.00,556.50,494.00,541.00,539.95,536.86,716185,20813,191652,26.76
24-Oct-2017,539.95,544.50,577.75,543.65,562.05,564.25,566.65,729429,14745,333091,45.66
25-Oct-2017,564.25,565.25,570.75,527.25,540.00,539.80,544.25,161225,6332,63026,39.09
26-Oct-2017,539.80,543.80,574.70,539.80,571.05,568.00,558.53,243169,10398,91753,37.73
27-Oct-2017,568.00,572.65,585.60,553.25,557.95,559.65,572.38,236853,7211,87807,37.07
30-Oct-2017,559.65,563.95,584.90,563.95,568.00,572.45,574.95,172093,8713,52626,30.58
31-Oct-2017,572.45,574.90,680.00,556.25,669.80,667.20,642.59,1460394,40918,310220,21.24
01-Nov-2017,667.20,678.00,744.70,670.75,725.00,722.70,716.66,1264639,40597,263007,20.80
02-Nov-2017,722.70,725.90,867.20,702.00,867.20,852.35,801.10,2431974,65211,357715,14.71
03-Nov-2017,852.35,874.00,891.00,831.00,837.15,839.05,864.44,1404456,48005,269103,19.16
06-Nov-2017,839.05,834.60,899.00,810.00,863.00,868.00,871.28,971228,32038,148903,15.33
07-Nov-2017,868.00,868.00,884.00,827.05,834.05,835.80,855.84,433634,16729,97653,22.52
08-Nov-2017,835.80,840.10,854.95,760.00,774.00,772.10,802.68,496358,22297,140963,28.40
09-Nov-2017,772.10,781.80,806.85,748.25,776.10,777.60,779.09,395974,15651,72086,18.20
10-Nov-2017,777.60,774.00,784.00,740.25,756.00,754.85,764.78,181365,8534,55158,30.41
13-Nov-2017,754.85,759.00,830.30,759.00,830.30,830.30,815.27,599826,18664,143884,23.99
14-Nov-2017,830.30,840.00,893.90,840.00,853.00,858.65,873.82,957746,36831,193575,20.21
15-Nov-2017,858.65,853.00,858.00,816.00,820.70,822.60,835.24,353482,15305,79127,22.39
16-Nov-2017,822.60,829.20,855.00,827.45,838.00,838.40,842.45,216819,10550,54775,25.26
17-Nov-2017,838.40,846.00,868.15,825.25,839.00,842.70,849.58,244565,10457,60786,24.85
20-Nov-2017,842.70,841.00,847.95,810.05,821.50,819.65,824.76,138092,6855,45422,32.89
21-Nov-2017,819.65,826.45,849.95,817.00,821.85,820.80,833.21,199192,9027,41415,20.79
22-Nov-2017,820.80,825.00,842.00,821.05,825.90,825.50,830.20,134632,6740,40001,29.71
23-Nov-2017,825.50,828.95,889.65,825.00,868.00,866.80,867.78,523895,18658,129014,24.63
24-Nov-2017,866.80,870.00,883.00,850.00,860.10,860.65,866.14,163171,6256,45120,27.65
27-Nov-2017,860.65,864.00,946.70,854.05,946.70,946.70,918.21,930422,25966,251633,27.05
28-Nov-2017,946.70,975.00,999.00,911.10,950.00,947.85,977.83,1001357,31152,229197,22.89
29-Nov-2017,947.85,954.90,1029.95,940.00,987.35,987.90,987.96,860035,26473,171677,19.96
30-Nov-2017,987.90,988.00,1014.35,972.30,982.50,980.45,993.90,430590,16418,117311,27.24
01-Dec-2017,980.45,986.00,1011.00,922.65,935.90,936.40,973.28,626977,31719,122884,19.60
04-Dec-2017,936.40,944.70,966.05,852.35,902.05,894.80,905.64,412291,18970,91158,22.11
05-Dec-2017,894.80,894.70,937.00,855.55,922.00,918.35,912.72,483600,21294,65263,13.50
06-Dec-2017,918.35,912.00,938.95,905.15,925.00,920.00,923.96,234051,10613,59622,25.47
07-Dec-2017,920.00,929.40,955.00,923.00,944.00,942.05,940.14,319335,13460,66101,20.70
08-Dec-2017,942.05,950.00,966.00,924.00,929.00,932.00,947.46,250891,9143,64798,25.83
11-Dec-2017,932.00,940.20,952.00,907.05,927.00,920.95,935.94,147148,6656,40964,27.84
12-Dec-2017,920.95,930.00,943.50,910.05,916.00,916.15,924.70,160875,7316,32175,20.00
13-Dec-2017,916.15,920.00,941.85,900.00,924.00,914.60,924.48,212170,9357,49292,23.23
14-Dec-2017,914.60,923.40,928.95,885.00,902.00,901.85,901.85,183650,8776,47892,26.08
15-Dec-2017,901.85,921.00,934.90,909.00,912.00,912.40,922.07,134377,5623,43330,32.25
18-Dec-2017,912.40,913.00,928.60,882.10,901.00,899.55,907.32,122077,5306,38090,31.20
19-Dec-2017,899.55,909.80,924.40,900.05,913.00,911.10,911.52,145950,6119,38021,26.05
20-Dec-2017,911.10,920.00,926.80,902.50,903.80,905.80,913.67,112358,5460,27324,24.32
21-Dec-2017,905.80,909.40,918.00,900.10,905.00,905.70,909.61,82728,4331,21668,26.19
22-Dec-2017,905.70,905.00,921.55,902.00,903.95,905.95,911.03,112349,6118,31071,27.66
26-Dec-2017,905.95,909.80,914.65,892.00,900.00,899.30,903.60,73848,3097,28233,38.23
27-Dec-2017,899.30,899.10,949.00,895.00,917.50,917.35,927.83,413954,14443,85582,20.67
28-Dec-2017,917.35,917.00,927.35,902.15,916.00,912.90,916.33,116372,6364,30486,26.20
29-Dec-2017,912.90,916.90,921.80,905.00,906.00,908.05,912.22,71974,2732,30220,41.99
01-Jan-2018,908.05,908.00,921.85,900.00,904.00,901.95,909.56,74853,3336,25128,33.57
02-Jan-2018,901.95,907.90,914.00,871.00,891.00,891.20,894.90,124664,4248,59681,47.87
03-Jan-2018,891.20,895.35,904.90,880.00,882.05,884.35,891.92,101522,4251,27687,27.27
04-Jan-2018,884.35,885.00,891.30,855.00,866.00,860.00,870.11,105960,5247,55204,52.10
05-Jan-2018,860.00,866.00,892.00,860.05,861.75,863.05,873.09,124516,6352,44838,36.01
08-Jan-2018,863.05,874.00,878.00,856.10,860.85,859.15,863.37,79758,3859,34707,43.52
09-Jan-2018,859.15,865.00,882.00,841.60,849.00,847.10,860.65,129741,5812,47505,36.62
10-Jan-2018,847.10,850.00,858.05,842.00,844.00,846.25,848.74,108427,5474,32958,30.40
11-Jan-2018,846.25,846.80,886.25,846.80,863.00,864.85,868.78,189434,6608,57774,30.50
12-Jan-2018,864.85,867.00,879.95,848.00,856.50,857.35,865.31,130240,5796,41080,31.54
15-Jan-2018,857.35,865.00,877.10,852.05,861.00,864.00,864.32,114665,5526,29321,25.57
16-Jan-2018,864.00,864.00,869.00,830.00,831.00,833.30,843.93,82827,3741,40144,48.47
17-Jan-2018,833.30,833.90,840.70,812.00,814.65,815.40,821.19,79267,4827,32197,40.62
18-Jan-2018,815.40,822.00,861.00,817.00,830.00,832.30,843.67,208636,8558,59119,28.34
19-Jan-2018,832.30,833.55,847.95,815.00,828.10,826.05,831.35,78445,3877,25471,32.47
22-Jan-2018,826.05,830.70,835.00,748.00,783.80,781.05,765.10,1520996,30584,723512,47.57
23-Jan-2018,781.05,798.00,818.00,791.10,796.45,797.20,805.57,355979,14336,114897,32.28
24-Jan-2018,797.20,799.00,824.00,781.05,806.00,805.50,809.83,364336,12968,83536,22.93
25-Jan-2018,805.50,807.50,813.30,781.00,782.40,785.85,795.84,120014,5188,38335,31.94
29-Jan-2018,785.85,792.80,805.00,772.15,773.10,776.95,786.16,109210,5783,35134,32.17
30-Jan-2018,776.95,780.00,780.60,717.00,730.00,732.45,741.04,195881,6726,76840,39.23
31-Jan-2018,732.45,729.90,753.00,710.00,740.00,736.85,732.56,185666,9143,41483,22.34
01-Feb-2018,736.85,741.35,744.00,702.00,717.50,718.15,720.95,164687,7609,51433,31.23
02-Feb-2018,718.15,702.10,712.35,585.05,656.65,656.60,664.64,213274,9347,77046,36.13
05-Feb-2018,656.60,630.00,657.00,602.00,643.00,643.85,639.56,146478,5895,44388,30.30
06-Feb-2018,643.85,610.00,632.00,585.00,611.15,615.20,617.02,282637,7446,169038,59.81
07-Feb-2018,615.20,648.00,735.00,640.00,720.00,726.20,690.78,412792,16416,81745,19.80
08-Feb-2018,726.20,739.70,783.90,735.00,762.00,760.15,762.30,542689,20528,113684,20.95
09-Feb-2018,760.15,736.50,768.40,712.55,752.00,751.20,750.68,332621,14512,65718,19.76
12-Feb-2018,751.20,759.00,830.05,758.00,804.00,801.00,806.42,720823,26351,120849,16.77
14-Feb-2018,801.00,813.00,839.95,805.00,819.20,819.20,824.96,352043,15838,85047,24.16
15-Feb-2018,819.20,836.00,844.00,775.10,785.25,784.85,802.94,316943,13035,95094,30.00
16-Feb-2018,784.85,831.00,866.45,792.00,809.45,809.90,836.31,1607492,54353,202082,12.57
19-Feb-2018,809.90,816.45,831.40,784.00,791.30,799.25,804.74,353403,13914,82010,23.21
20-Feb-2018,799.25,795.00,801.90,772.00,777.00,776.80,786.04,199470,10297,49989,25.06
21-Feb-2018,776.80,783.00,788.00,764.00,767.05,766.90,774.14,120500,5494,33189,27.54
22-Feb-2018,766.90,762.90,777.60,752.05,758.75,758.70,763.79,174495,7168,35143,20.14
23-Feb-2018,758.70,763.95,776.85,745.25,750.05,753.45,764.30,183460,8854,50965,27.78
26-Feb-2018,753.45,758.50,779.95,745.00,752.00,750.95,761.50,221727,11956,52828,23.83
27-Feb-2018,750.95,755.00,762.00,735.50,746.00,744.25,748.29,189939,8091,50403,26.54
28-Feb-2018,744.25,737.90,751.50,732.35,735.05,736.55,740.49,135663,5444,29609,21.83
01-Mar-2018,736.55,737.00,753.70,728.75,730.90,730.85,740.04,116673,5261,32560,27.91
05-Mar-2018,730.85,730.00,734.80,713.00,717.00,718.25,721.01,103873,4430,32892,31.67
06-Mar-2018,718.25,722.50,739.00,703.05,704.00,710.50,722.90,158089,7001,39081,24.72
07-Mar-2018,710.50,710.50,711.80,675.00,683.00,681.05,690.65,114449,5120,39953,34.91
08-Mar-2018,681.05,685.00,699.65,656.00,696.00,690.15,679.25,188716,8257,47224,25.02
09-Mar-2018,690.15,699.00,719.00,679.15,696.00,693.95,701.85,188917,8958,41654,22.05
12-Mar-2018,693.95,703.00,716.00,700.40,705.75,705.80,707.76,141643,5205,42248,29.83
13-Mar-2018,705.80,710.00,721.60,701.75,707.00,706.30,712.57,146943,6387,40010,27.23
14-Mar-2018,706.30,707.00,713.65,697.05,705.00,704.95,706.51,88879,4528,22899,25.76
15-Mar-2018,704.95,705.00,717.40,701.15,704.90,705.90,710.30,115151,4808,28542,24.79
16-Mar-2018,705.90,709.00,713.40,690.15,694.00,695.30,701.08,96545,4288,38399,39.77
19-Mar-2018,695.30,700.00,705.60,670.45,673.00,674.80,683.70,84944,3763,27850,32.79
20-Mar-2018,674.80,663.95,674.00,659.00,669.00,667.65,668.09,101314,3900,28228,27.86
21-Mar-2018,667.65,675.00,716.80,672.05,690.00,690.45,699.06,356428,11805,88038,24.70
22-Mar-2018,690.45,696.00,708.00,686.00,691.90,692.45,694.42,129773,5217,36692,28.27
23-Mar-2018,692.45,679.50,684.65,661.00,678.50,675.75,674.05,152065,6166,56178,36.94
26-Mar-2018,675.75,678.00,685.50,665.00,669.00,669.85,670.45,116627,3492,58102,49.82
27-Mar-2018,669.85,675.05,688.50,675.00,684.00,679.60,679.82,174493,3764,103414,59.27
28-Mar-2018,679.60,680.00,680.05,665.00,668.00,670.05,669.67,96815,2892,55256,57.07
02-Apr-2018,670.05,678.70,703.25,677.45,698.00,695.65,691.40,133803,5446,25558,19.10
03-Apr-2018,695.65,699.00,710.00,686.35,694.35,698.25,698.16,244005,6708,95505,39.14
04-Apr-2018,698.25,704.95,716.00,684.70,691.00,689.75,700.10,182882,6255,56562,30.93
05-Apr-2018,689.75,698.45,706.80,691.00,696.00,694.45,696.08,143630,4011,48281,33.61
06-Apr-2018,694.45,698.75,712.50,694.25,708.50,706.00,707.35,211170,10371,58904,27.89
09-Apr-2018,706.00,710.00,768.00,710.00,758.50,760.60,748.79,830338,28247,131908,15.89
10-Apr-2018,760.60,764.80,764.80,726.45,738.50,737.00,744.03,305356,9913,79390,26.00
11-Apr-2018,737.00,740.00,758.05,726.95,740.45,740.85,743.94,318569,9797,63065,19.80
12-Apr-2018,740.85,742.90,746.00,729.05,730.70,731.90,736.23,151726,4713,28442,18.75
13-Apr-2018,731.90,735.00,753.00,731.50,737.50,736.10,740.57,179462,5847,38803,21.62
16-Apr-2018,736.10,731.00,748.00,724.90,746.90,743.65,741.22,138986,6786,69128,49.74
17-Apr-2018,743.65,747.90,758.80,738.20,743.00,743.85,747.66,169295,5887,58975,34.84
18-Apr-2018,743.85,748.70,765.70,738.65,748.00,749.25,752.01,227247,6681,70375,30.97
19-Apr-2018,749.25,752.95,759.90,737.00,738.00,740.35,747.10,134072,4910,51226,38.21
20-Apr-2018,740.35,738.00,789.70,736.65,770.00,772.65,773.48,583444,20118,148960,25.53
23-Apr-2018,772.65,776.90,803.00,776.05,787.95,784.00,788.16,351521,12246,103855,29.54
24-Apr-2018,784.00,788.00,845.50,784.40,820.00,819.70,819.39,673258,21209,139004,20.65
25-Apr-2018,819.70,819.00,851.95,796.05,819.00,815.70,822.95,400362,12788,138104,34.49
26-Apr-2018,815.70,819.60,836.00,806.10,817.00,811.95,819.71,216903,8648,68544,31.60
27-Apr-2018,811.95,817.00,826.50,792.10,797.00,795.65,806.71,159603,7359,52723,33.03
30-Apr-2018,795.65,802.95,809.55,778.30,784.00,786.10,791.44,127879,5532,47947,37.49
02-May-2018,786.10,789.00,792.00,747.05,771.65,772.10,772.17,157745,7833,51820,32.85
03-May-2018,772.10,770.00,771.80,729.10,735.30,736.55,750.31,128917,5982,46734,36.25
04-May-2018,736.55,736.00,741.25,710.00,715.00,716.60,724.76,107420,5073,45532,42.39
07-May-2018,716.60,720.00,731.00,691.65,695.65,698.65,712.56,145685,6281,62518,42.91
08-May-2018,698.65,698.95,706.70,686.70,695.00,693.20,696.25,132620,5729,44800,33.78
09-May-2018,693.20,693.20,711.90,687.20,691.10,691.15,700.09,133828,4857,41502,31.01
10-May-2018,691.15,692.70,703.95,678.00,679.55,680.15,687.75,140151,3910,57945,41.34
11-May-2018,680.15,684.00,694.00,671.00,675.60,679.30,684.41,92391,3617,29857,32.32
14-May-2018,679.30,682.05,685.45,642.45,644.00,650.20,661.79,124110,5662,62353,50.24
15-May-2018,650.20,645.00,667.00,633.00,641.80,636.75,647.46,159997,6454,59711,37.32
16-May-2018,636.75,641.95,645.00,625.00,626.05,627.10,631.31,110866,4483,47532,42.87
17-May-2018,627.10,629.05,638.90,618.00,629.00,629.05,627.92,144938,4145,69894,48.22
18-May-2018,629.05,630.00,633.00,592.25,597.60,597.95,607.28,194518,10168,102793,52.84
21-May-2018,597.95,598.45,601.50,510.05,530.55,528.70,538.26,492030,16014,152126,30.92
22-May-2018,528.70,529.85,634.40,511.20,634.40,633.90,598.82,1443694,45407,190145,13.17
23-May-2018,633.90,637.80,681.00,620.10,634.95,631.20,657.20,1024735,35661,201826,19.70
24-May-2018,631.20,636.20,645.80,602.30,608.90,610.05,619.03,352668,13778,94591,26.82
25-May-2018,610.05,614.85,619.00,602.80,608.55,608.50,612.75,234661,7148,86029,36.66
28-May-2018,608.50,611.25,639.00,603.30,624.50,623.35,625.64,322624,13765,60769,18.84
29-May-2018,623.35,625.20,648.00,623.85,637.90,638.10,636.92,236383,8211,66715,28.22
30-May-2018,638.10,634.30,634.30,612.30,618.00,619.35,623.33,152473,8740,52533,34.45
31-May-2018,619.35,627.50,632.00,596.00,599.50,602.20,613.10,153913,6696,66159,42.98
01-Jun-2018,602.20,604.00,611.95,575.20,577.00,581.00,587.16,158703,7074,47768,30.10
04-Jun-2018,581.00,584.15,587.50,531.80,534.00,535.00,548.60,236560,10155,99670,42.13
05-Jun-2018,535.00,536.00,540.00,497.00,505.95,504.95,517.26,271219,11911,100491,37.05
06-Jun-2018,504.95,505.00,549.50,503.00,541.50,538.55,532.04,466286,17737,103006,22.09
07-Jun-2018,538.55,543.50,570.00,543.00,557.50,557.85,558.56,317180,13804,69917,22.04
08-Jun-2018,557.85,556.75,562.85,540.15,550.85,551.70,553.75,195249,6476,49897,25.56
11-Jun-2018,551.70,556.80,567.00,520.00,521.50,528.80,551.08,267992,10488,91930,34.30
12-Jun-2018,528.80,521.50,548.00,521.45,535.30,533.75,536.63,245965,10148,85905,34.93
13-Jun-2018,533.75,535.45,548.00,533.75,537.95,537.50,542.14,160856,5623,52357,32.55
14-Jun-2018,537.50,535.85,544.40,522.60,532.40,532.40,533.90,87356,3929,31509,36.07
15-Jun-2018,532.40,535.85,542.40,525.40,535.00,534.20,534.18,129960,4685,38314,29.48
18-Jun-2018,534.20,536.80,547.00,527.80,531.50,530.75,537.03,183459,7335,66513,36.25
19-Jun-2018,530.75,529.40,537.90,523.05,525.00,524.50,529.17,72564,3490,24345,33.55
20-Jun-2018,524.50,528.70,531.50,517.00,522.95,524.05,524.26,160950,4270,71693,44.54
21-Jun-2018,524.05,526.50,527.80,512.10,520.00,520.10,520.72,128110,4181,41310,32.25
22-Jun-2018,520.10,519.75,523.70,512.05,517.00,516.95,518.25,110095,5676,37592,34.15
25-Jun-2018,516.95,513.45,519.90,501.10,503.40,503.40,509.86,161925,5542,71997,44.46
26-Jun-2018,503.40,503.85,514.65,499.45,502.00,505.80,507.85,247601,8696,104795,42.32
27-Jun-2018,505.80,505.80,514.90,468.30,476.95,475.20,486.95,261479,13110,111359,42.59
28-Jun-2018,475.20,475.25,489.80,462.35,478.00,477.85,479.14,249320,8123,69183,27.75
29-Jun-2018,477.85,480.05,495.55,474.00,487.85,490.25,484.59,346733,8175,124448,35.89
02-Jul-2018,490.25,494.90,501.85,392.20,392.20,392.20,438.37,1051412,28081,320479,30.48
03-Jul-2018,392.20,340.00,364.00,313.80,314.50,316.40,332.72,6648146,144015,1170423,17.61
04-Jul-2018,316.40,319.00,348.00,317.40,348.00,348.00,341.21,2860435,55697,560811,19.61
05-Jul-2018,348.00,361.00,382.80,361.00,371.25,374.00,374.28,3053351,64210,520580,17.05
06-Jul-2018,374.00,374.00,389.95,368.35,377.55,376.50,379.07,1818993,39696,367935,20.23
09-Jul-2018,376.50,388.00,394.80,377.10,383.60,383.15,382.95,677889,17197,195097,28.78
10-Jul-2018,383.15,385.90,388.15,376.30,381.75,382.40,381.65,535518,12779,149924,28.00
11-Jul-2018,382.40,380.00,384.70,373.85,375.70,378.65,378.93,393311,9940,107168,27.25
12-Jul-2018,378.65,378.90,382.40,340.80,340.80,341.10,353.73,1308183,25904,387858,29.65
13-Jul-2018,341.10,343.00,359.95,321.25,347.00,347.05,347.22,1021309,23679,217023,21.25
16-Jul-2018,347.05,348.90,354.00,335.20,341.50,345.00,343.53,322457,10747,113484,35.19
17-Jul-2018,345.00,345.80,356.60,343.15,352.00,352.35,351.26,495875,12359,179084,36.11
18-Jul-2018,352.35,387.55,387.55,368.25,372.85,372.95,378.66,1550528,32775,320043,20.64
19-Jul-2018,372.95,370.55,373.65,338.10,342.40,341.65,347.09,590970,21021,173690,29.39
20-Jul-2018,341.65,335.00,339.00,307.50,307.50,307.50,312.71,1422247,21142,567527,39.90
23-Jul-2018,307.50,276.75,276.75,276.75,276.75,276.75,276.75,124862,1749,124862,100.00
24-Jul-2018,276.75,249.10,249.10,249.10,249.10,249.10,249.10,103494,1474,103493,100.00
25-Jul-2018,249.10,236.65,236.65,236.65,236.65,236.65,236.65,55155,943,55109,99.92
26-Jul-2018,236.65,234.30,248.45,234.30,248.45,248.45,242.49,690941,3583,348745,50.47
27-Jul-2018,248.45,260.85,260.85,260.85,260.85,260.85,260.85,25045,353,25044,100.00
30-Jul-2018,260.85,273.85,273.85,273.85,273.85,273.85,273.85,91291,1018,91291,100.00
31-Jul-2018,273.85,287.50,287.50,287.50,287.50,287.50,287.50,31666,335,31666,100.00
01-Aug-2018,287.50,301.85,301.85,301.85,301.85,301.85,301.85,14009,341,14009,100.00
02-Aug-2018,301.85,316.90,316.90,305.05,316.90,316.90,316.10,658005,4204,304254,46.24
03-Aug-2018,316.90,332.70,332.70,332.70,332.70,332.70,332.70,128750,924,84647,65.75
06-Aug-2018,332.70,349.30,349.30,349.30,349.30,349.30,349.30,13511,366,13511,100.00
07-Aug-2018,349.30,366.75,366.75,336.10,366.75,366.75,358.91,883046,19848,316554,35.85
08-Aug-2018,366.75,380.00,380.00,361.00,374.65,374.05,374.24,535598,14131,233643,43.62
09-Aug-2018,374.05,392.50,392.50,365.55,372.50,372.50,381.81,482264,12852,199908,41.45
10-Aug-2018,372.50,369.00,369.65,353.90,353.90,353.90,355.39,48590,1259,45387,93.41
13-Aug-2018,353.90,336.25,336.25,336.25,336.25,336.25,336.25,18828,524,18757,99.62
14-Aug-2018,336.25,326.05,353.05,326.05,353.05,353.00,348.63,533835,9164,162264,30.40
16-Aug-2018,353.00,353.05,361.80,341.55,348.00,347.60,352.99,300167,9247,106018,35.32
17-Aug-2018,347.60,352.30,354.00,342.00,344.00,344.35,345.88,160850,3190,117418,73.00
20-Aug-2018,344.35,346.05,356.85,346.00,346.60,346.70,347.95,164852,3158,108467,65.80
21-Aug-2018,346.70,351.00,351.00,331.00,341.80,340.10,340.85,72824,2608,34718,47.67
23-Aug-2018,340.10,345.00,353.70,334.00,346.00,345.05,344.22,166602,4444,60083,36.06
24-Aug-2018,345.05,345.00,345.00,336.50,338.60,338.95,339.31,68706,2091,33881,49.31
27-Aug-2018,338.95,334.00,337.80,325.70,326.55,326.95,330.09,89816,3075,42689,47.53
19-Oct-2018,114.15,108.45,108.45,108.45,108.45,108.45,108.45,15545,277,15545,100.00
22-Oct-2018,108.45,103.05,103.05,103.05,103.05,103.05,103.05,15307,216,15307,100.00
23-Oct-2018,103.05,97.90,97.90,97.90,97.90,97.90,97.90,11654,200,11654,100.00
24-Oct-2018,97.90,93.05,93.05,93.05,93.05,93.05,93.05,16293,232,16293,100.00
25-Oct-2018,93.05,88.40,88.40,88.40,88.40,88.40,88.40,22498,264,22497,100.00
26-Oct-2018,88.40,84.00,84.00,84.00,84.00,84.00,84.00,18366,268,18366,100.00
29-Oct-2018,84.00,82.55,87.80,79.80,79.80,79.80,82.29,735467,4273,428466,58.26
30-Oct-2018,79.80,75.85,75.85,75.85,75.85,75.85,75.85,258606,479,156450,60.50
31-Oct-2018,75.85,68.30,68.30,68.30,68.30,68.30,68.30,35960,659,35960,100.00
01-Nov-2018,68.30,64.45,75.00,61.50,61.50,61.55,68.66,3460181,27191,1633117,47.20
02-Nov-2018,61.55,59.00,67.70,55.40,67.70,66.70,61.38,2342008,18178,895010,38.22
05-Nov-2018,66.70,73.35,73.35,73.35,73.35,73.35,73.35,114649,547,-,-
06-Nov-2018,73.35,80.65,80.65,75.20,80.65,80.65,79.68,1224007,3472,539109,44.04
07-Nov-2018,80.65,88.70,88.70,88.70,88.70,88.70,88.70,66257,326,65612,99.03
09-Nov-2018,88.70,93.10,93.10,85.10,93.10,93.10,91.53,2373942,14543,972887,40.98
12-Nov-2018,93.10,95.00,97.75,94.80,97.75,97.75,97.04,856798,4956,302445,35.30
13-Nov-2018,97.75,102.60,102.60,99.75,102.60,102.60,102.26,773324,2131,277075,35.83
14-Nov-2018,102.60,107.70,107.70,107.70,107.70,107.70,107.70,57228,379,57228,100.00
15-Nov-2018,107.70,113.05,113.05,113.05,113.05,113.05,113.05,102009,491,101904,99.90
16-Nov-2018,113.05,118.70,118.70,118.70,118.70,118.70,118.70,29757,377,29756,100.00
19-Nov-2018,118.70,124.60,124.60,124.60,124.60,124.60,124.60,44174,318,44173,100.00
20-Nov-2018,124.60,130.80,130.80,121.60,130.80,130.80,130.39,816549,3521,489906,60.00
21-Nov-2018,130.80,137.30,137.30,130.80,137.30,137.30,136.19,602353,3402,222463,36.93
22-Nov-2018,137.30,144.15,144.15,144.15,144.15,144.15,144.15,28759,321,28759,100.00
26-Nov-2018,144.15,151.35,151.35,151.35,151.35,151.35,151.35,21382,320,21382,100.00
27-Nov-2018,151.35,158.90,158.90,152.35,158.90,158.90,158.64,400956,1934,278228,69.39
28-Nov-2018,158.90,166.80,166.80,166.80,166.80,166.80,166.80,18682,270,18682,100.00
29-Nov-2018,166.80,175.10,175.10,175.10,175.10,175.10,175.10,28139,241,28139,100.00
30-Nov-2018,175.10,183.85,183.85,183.85,183.85,183.85,183.85,30967,345,30967,100.00
03-Dec-2018,183.85,193.00,193.00,193.00,193.00,193.00,193.00,26096,337,26096,100.00
04-Dec-2018,193.00,202.65,202.65,202.65,202.65,202.65,202.65,118257,785,113235,95.75
05-Dec-2018,202.65,206.00,206.00,192.55,192.55,192.55,199.10,535995,5326,365998,68.28
06-Dec-2018,192.55,182.95,182.95,182.95,182.95,182.95,182.95,14344,386,14344,100.00
07-Dec-2018,182.95,173.85,173.85,173.85,173.85,173.85,173.85,7156,279,7156,100.00
10-Dec-2018,173.85,165.20,165.20,165.20,165.20,165.20,165.20,4486,202,4486,100.00
11-Dec-2018,165.20,156.95,156.95,156.95,156.95,156.95,156.95,9356,231,9345,99.88
12-Dec-2018,156.95,149.15,164.75,149.15,164.75,164.75,154.76,1450270,7244,610132,42.07
13-Dec-2018,164.75,172.95,172.95,161.55,172.95,171.80,170.58,1286194,11264,464087,36.08
14-Dec-2018,171.80,173.00,174.80,163.60,164.60,165.30,168.39,1046105,13018,410345,39.23
17-Dec-2018,165.30,164.05,167.90,157.05,157.05,157.05,160.25,523890,7146,258378,49.32
18-Dec-2018,157.05,155.00,164.90,149.20,164.90,164.90,157.04,1752645,15334,391368,22.33
19-Dec-2018,164.90,167.40,169.90,158.00,159.60,159.90,164.29,718923,9167,330689,46.00
20-Dec-2018,159.90,159.30,159.30,151.95,155.00,154.75,155.39,327385,4736,131445,40.15
21-Dec-2018,154.75,152.00,162.45,151.05,156.40,155.60,158.90,601069,8115,146214,24.33
24-Dec-2018,155.60,159.40,159.40,151.10,153.50,152.35,154.72,167893,3365,73843,43.98
26-Dec-2018,152.35,151.00,155.10,144.75,145.40,145.40,147.39,456910,5763,186751,40.87
27-Dec-2018,145.40,149.00,150.00,142.90,144.00,144.75,146.32,268670,4232,77112,28.70
28-Dec-2018,144.75,145.95,149.45,142.30,145.70,144.65,145.33,301765,4755,91827,30.43
31-Dec-2018,144.65,144.85,148.30,140.00,140.20,140.95,143.41,239522,3471,128261,53.55
01-Jan-2019,140.95,141.20,146.45,136.05,142.25,142.30,141.79,492230,6251,106099,21.55
02-Jan-2019,142.30,141.80,143.00,138.25,138.60,138.80,140.15,215557,2986,95652,44.37
03-Jan-2019,138.80,138.00,139.90,132.80,133.00,133.90,136.31,185230,3093,82316,44.44
04-Jan-2019,133.90,134.35,134.35,129.00,131.30,131.25,131.36,323117,3736,130176,40.29
07-Jan-2019,131.25,137.80,137.80,135.30,137.80,137.80,137.76,233477,1001,126448,54.16
08-Jan-2019,137.80,144.65,144.65,141.10,144.65,144.65,144.46,171115,786,116925,68.33
09-Jan-2019,144.65,149.05,151.85,149.05,151.85,151.85,150.90,264157,1262,146183,55.34
10-Jan-2019,151.85,158.00,159.40,158.00,159.40,159.40,158.85,137903,770,104690,75.92
11-Jan-2019,159.40,164.20,167.35,151.45,151.45,151.75,157.48,1116978,14326,375101,33.58
14-Jan-2019,151.75,150.00,150.10,144.20,144.20,144.20,145.34,313695,4205,119775,38.18
15-Jan-2019,144.20,143.10,151.40,140.00,151.40,151.40,147.96,298434,4815,151007,50.60
16-Jan-2019,151.40,156.00,158.00,145.30,149.50,150.05,153.23,530069,7030,184938,34.89
17-Jan-2019,150.05,150.10,152.40,144.50,145.85,145.50,147.14,191135,3139,84331,44.12
18-Jan-2019,145.50,145.60,152.75,145.60,150.65,151.80,151.67,608056,5889,192054,31.58
21-Jan-2019,151.80,149.20,156.75,144.30,144.80,144.85,149.66,434163,5425,195891,45.12
22-Jan-2019,144.85,138.60,143.70,137.65,137.70,137.85,139.77,301761,4352,135606,44.94
23-Jan-2019,137.85,137.00,141.95,133.60,135.75,135.75,137.61,300883,4901,102877,34.19
24-Jan-2019,135.75,138.20,138.20,130.10,131.45,131.70,133.72,200564,3417,95796,47.76
25-Jan-2019,131.70,134.80,134.80,125.60,126.50,126.60,130.12,206409,3438,97935,47.45
28-Jan-2019,126.60,121.10,125.50,120.30,120.30,120.30,121.05,91380,1363,56592,61.93
29-Jan-2019,120.30,115.20,119.95,114.30,114.30,114.30,115.69,277292,3933,109446,39.47
30-Jan-2019,114.30,120.00,120.00,116.05,120.00,120.00,119.85,78243,598,66946,85.56
31-Jan-2019,120.00,126.00,126.00,126.00,126.00,126.00,126.00,70867,401,57577,81.25
01-Feb-2019,126.00,132.30,132.30,120.00,120.70,121.00,125.37,552825,6397,203048,36.73
04-Feb-2019,121.00,121.00,121.00,114.95,114.95,115.35,116.50,173748,2757,74467,42.86
05-Feb-2019,115.35,118.00,119.50,109.80,110.25,110.25,113.98,235023,3513,76205,32.42
06-Feb-2019,110.25,112.00,114.60,105.00,106.95,106.65,107.97,245089,4104,99412,40.56
07-Feb-2019,106.65,106.95,111.95,104.60,111.95,111.95,109.22,99086,1140,75818,76.52
08-Feb-2019,111.95,115.00,117.50,109.00,112.55,112.60,113.83,357532,4470,125352,35.06
11-Feb-2019,112.60,118.00,118.00,108.40,111.50,111.00,111.30,150448,2677,60925,40.50
12-Feb-2019,111.00,113.00,114.75,109.35,111.00,110.75,111.15,170345,2433,64900,38.10
13-Feb-2019,110.75,111.60,116.25,110.30,116.25,115.95,114.59,405945,4875,132035,32.53
14-Feb-2019,115.95,116.00,121.00,111.50,112.20,112.40,113.84,294899,3924,139176,47.19
15-Feb-2019,112.40,108.20,112.00,106.80,106.80,106.95,108.06,287633,3093,130814,45.48
18-Feb-2019,106.95,102.15,108.90,102.15,105.00,103.75,105.13,130751,1848,62934,48.13
19-Feb-2019,103.75,104.00,108.90,102.55,108.90,108.90,107.45,256086,2466,84529,33.01
20-Feb-2019,108.90,112.95,112.95,107.50,111.40,111.15,110.81,253610,3211,102743,40.51
21-Feb-2019,111.15,111.15,116.70,108.75,112.60,113.10,113.82,356223,3692,110574,31.04
22-Feb-2019,113.10,112.95,115.05,110.70,112.50,112.20,112.97,200964,2705,85227,42.41
25-Feb-2019,112.20,112.40,113.50,109.20,109.70,109.80,111.16,130176,1505,81679,62.75
26-Feb-2019,109.80,106.80,108.90,104.55,105.00,105.05,105.70,167500,2048,81031,48.38
27-Feb-2019,105.05,106.50,110.30,102.60,103.85,103.75,105.83,206641,3455,73283,35.46
28-Feb-2019,103.75,105.15,106.50,102.70,104.35,103.75,104.22,115900,2362,57445,49.56
01-Mar-2019,103.75,105.10,107.90,104.20,106.00,106.60,106.01,230708,3504,108701,47.12
05-Mar-2019,106.60,106.00,111.90,105.20,111.90,111.90,110.55,403372,3436,234554,58.15
06-Mar-2019,111.90,116.00,116.00,109.00,109.80,110.00,112.21,452309,5031,232103,51.32
07-Mar-2019,110.00,110.00,111.25,107.50,107.75,108.05,108.56,131671,2035,78174,59.37
08-Mar-2019,108.05,107.90,110.70,107.00,107.70,108.15,108.60,146825,1983,59442,40.48
11-Mar-2019,108.15,106.30,112.00,106.30,108.45,108.70,109.93,170736,2433,66383,38.88
12-Mar-2019,108.70,110.95,113.00,108.50,108.80,109.00,110.71,327935,3610,95960,29.26
13-Mar-2019,109.00,110.40,110.60,105.50,106.35,106.80,107.62,183086,2545,85799,46.86
14-Mar-2019,106.80,107.20,108.80,105.05,106.20,106.30,107.11,174202,2945,85855,49.28
15-Mar-2019,106.30,107.30,108.00,102.50,104.00,103.35,104.50,204630,3043,136158,66.54
18-Mar-2019,103.35,105.00,105.95,102.45,103.10,103.30,103.58,133497,1882,69620,52.15
19-Mar-2019,103.30,103.90,106.70,102.00,104.45,104.35,104.28,240027,3493,76133,31.72
20-Mar-2019,104.35,103.75,107.90,103.55,105.50,105.25,105.71,364095,4743,145631,40.00
22-Mar-2019,105.25,105.90,106.30,102.35,103.00,102.95,103.59,130920,2014,66794,51.02
25-Mar-2019,102.95,102.00,103.00,97.85,97.85,97.85,99.25,217582,3118,146830,67.48
26-Mar-2019,97.85,95.00,102.00,93.00,93.00,93.00,95.75,294322,4454,174289,59.22
27-Mar-2019,93.00,94.00,95.00,88.35,89.10,89.40,89.96,472225,5032,223539,47.34
28-Mar-2019,89.40,90.00,93.85,89.50,93.85,93.85,92.43,183722,2367,121942,66.37
29-Mar-2019,93.85,98.50,98.50,98.50,98.50,98.50,98.50,55621,432,55621,100.00
01-Apr-2019,98.50,102.90,103.40,98.10,103.40,103.40,102.06,307482,2115,192142,62.49
02-Apr-2019,103.40,105.00,108.55,100.50,102.20,102.55,104.82,628540,8359,235980,37.54
03-Apr-2019,102.55,104.20,104.50,100.00,100.95,100.30,101.91,146122,2111,68462,46.85
04-Apr-2019,100.30,102.30,105.30,100.30,105.30,105.30,104.77,779395,4845,198018,25.41
05-Apr-2019,105.30,107.80,109.00,104.10,104.80,104.50,106.67,433854,5799,198763,45.81
08-Apr-2019,104.50,105.00,106.95,102.00,102.50,102.35,103.63,183496,4360,59517,32.44
09-Apr-2019,102.35,102.60,103.45,101.00,101.55,101.65,101.99,105363,1329,40783,38.71
10-Apr-2019,101.65,102.65,105.50,101.15,103.60,103.80,103.54,188739,2552,62208,32.96
11-Apr-2019,103.80,103.80,104.50,101.50,101.70,101.90,102.47,76052,1023,46241,60.80
12-Apr-2019,101.90,103.00,112.05,91.80,112.05,112.05,107.70,818110,6712,306416,37.45
15-Apr-2019,112.05,115.00,123.25,110.55,123.25,123.25,120.21,953185,8311,308794,32.40
16-Apr-2019,123.25,128.20,135.55,128.10,135.55,135.55,133.65,353410,2686,170003,48.10
18-Apr-2019,135.55,142.30,142.30,128.80,128.80,128.85,133.56,1427414,15290,508813,35.65
22-Apr-2019,128.85,125.10,127.00,122.45,122.45,122.45,123.32,111301,1098,61465,55.22
23-Apr-2019,122.45,118.25,125.40,116.35,120.70,121.75,119.54,531834,5425,169836,31.93
24-Apr-2019,121.75,121.00,125.90,118.90,120.00,119.45,121.65,160155,2363,62251,38.87
25-Apr-2019,119.45,120.00,121.15,114.30,115.80,115.20,117.36,117201,1875,63398,54.09
26-Apr-2019,115.20,115.00,120.95,115.00,120.95,120.95,120.13,334697,3256,152157,45.46
30-Apr-2019,120.95,118.90,120.00,114.95,114.95,114.95,116.15,243188,2531,119566,49.17
02-May-2019,114.95,114.00,120.65,111.20,115.30,115.85,118.55,293869,4724,74729,25.43
03-May-2019,115.85,117.75,117.75,110.35,112.00,111.60,113.37,159911,2358,93546,58.50
06-May-2019,111.60,108.30,111.10,106.20,106.90,107.10,108.11,146314,1910,80429,54.97
08-May-2019,106.45,105.05,105.40,102.15,103.45,102.70,103.97,101230,1555,47164,46.59
09-May-2019,102.70,103.40,107.80,103.00,105.35,104.35,106.85,318426,3264,70977,22.29
10-May-2019,104.35,107.80,107.80,103.05,106.25,105.05,105.13,99705,1539,40040,40.16
13-May-2019,105.05,105.10,106.95,102.00,102.40,102.45,103.42,109084,1813,45592,41.80
14-May-2019,102.45,102.00,103.80,100.00,101.00,100.65,101.50,141972,1805,60446,42.58
15-May-2019,100.65,103.50,103.50,99.30,103.20,102.50,101.95,174117,1920,76196,43.76
16-May-2019,102.50,103.00,103.30,100.25,103.10,102.90,102.38,111810,1594,49617,44.38
17-May-2019,102.90,103.00,105.45,101.00,101.20,102.70,102.91,97178,1671,39975,41.14
20-May-2019,102.70,107.70,107.70,103.80,104.70,104.50,105.63,146428,2273,63319,43.24
21-May-2019,104.50,101.60,104.30,99.60,101.95,101.15,101.62,123860,1844,64467,52.05
22-May-2019,101.15,101.80,102.80,97.35,100.40,100.65,100.13,155276,2485,62745,40.41
23-May-2019,100.65,102.50,105.65,100.00,100.55,100.80,103.78,280458,2233,56565,20.17
24-May-2019,100.80,100.60,105.80,100.00,105.80,105.45,103.75,227550,2219,126701,55.68
27-May-2019,105.45,107.40,107.40,103.05,103.25,103.50,104.61,121452,1534,70595,58.13
28-May-2019,103.50,105.40,105.40,101.50,102.00,101.90,102.19,126775,1646,75012,59.17
29-May-2019,101.90,102.45,102.60,99.55,100.30,100.50,100.41,119359,1660,57163,47.89
30-May-2019,100.50,101.90,103.35,99.60,101.20,101.00,101.35,95870,1361,43926,45.82
31-May-2019,101.00,101.90,102.55,99.00,100.00,99.70,100.40,95575,1286,56529,59.15
03-Jun-2019,99.70,100.00,101.40,99.20,100.20,99.90,100.10,71792,1280,37111,51.69
04-Jun-2019,99.90,100.50,100.90,99.50,99.55,99.75,99.86,56061,859,32201,57.44
06-Jun-2019,99.75,100.40,100.40,96.50,97.60,97.35,98.06,85060,1299,52440,61.65
07-Jun-2019,97.35,96.10,97.00,92.85,93.90,93.60,94.55,111179,1808,60228,54.17
10-Jun-2019,93.60,95.00,95.55,92.20,92.75,93.00,93.41,56654,941,31440,55.49
11-Jun-2019,93.00,93.05,93.05,87.90,89.30,89.25,89.42,109601,1710,60760,55.44
12-Jun-2019,89.25,90.00,94.85,87.00,90.60,90.40,90.88,134753,2053,38419,28.51
13-Jun-2019,90.40,90.10,91.30,87.80,88.15,88.85,89.16,69376,1276,26974,38.88
14-Jun-2019,88.85,88.85,92.85,82.00,83.00,86.15,88.21,142136,2176,65659,46.19
18-Jun-2019,79.55,78.00,79.00,72.55,74.90,74.15,75.86,116845,2095,55298,39.42
19-Jun-2019,74.15,74.00,78.00,69.20,70.00,69.75,72.57,119121,1964,47050,39.50
20-Jun-2019,69.75,67.50,73.20,66.30,73.20,73.20,70.13,213349,2296,74393,34.87
21-Jun-2019,73.20,76.85,76.85,75.10,76.85,76.85,76.79,48074,243,31144,64.78
24-Jun-2019,76.85,80.65,80.65,80.65,80.65,80.65,80.65,14089,88,14089,100.00
25-Jun-2019,80.65,84.65,84.65,84.65,84.65,84.65,84.65,22432,129,22432,100.00
26-Jun-2019,84.65,88.85,88.85,88.40,88.85,88.85,88.84,89245,333,62085,69.57
27-Jun-2019,88.85,93.25,93.25,93.25,93.25,93.25,93.25,94809,278,54301,57.27
28-Jun-2019,93.25,88.60,91.90,88.60,88.60,88.60,89.37,237230,2324,121974,51.42
01-Jul-2019,88.60,84.20,88.05,84.20,84.20,84.20,84.39,40812,425,31370,76.86
02-Jul-2019,84.20,80.55,84.35,80.00,80.00,80.30,81.04,137439,1768,64898,47.22
03-Jul-2019,80.30,79.00,84.30,78.00,84.30,84.30,83.59,51291,399,45136,88.00
04-Jul-2019,84.30,88.50,88.50,88.50,88.50,88.50,88.50,15582,159,15582,100.00
05-Jul-2019,88.50,91.00,91.50,84.10,85.00,84.40,88.45,234735,2632,122005,51.98
08-Jul-2019,84.40,86.00,88.60,83.25,88.60,87.75,87.68,239016,3339,81018,33.90
09-Jul-2019,87.75,88.90,89.80,84.00,85.85,85.35,86.12,112976,2052,45301,40.10
10-Jul-2019,85.35,85.20,89.60,83.35,87.00,86.75,87.53,274102,3834,41242,15.05
11-Jul-2019,86.75,87.00,91.05,87.00,90.70,90.15,89.93,168353,2961,63657,37.81
12-Jul-2019,90.15,90.85,91.00,87.65,88.00,88.75,89.14,80054,1558,33491,41.84
15-Jul-2019,88.75,88.90,90.00,85.35,89.00,88.05,87.36,73822,1212,29399,39.82
16-Jul-2019,88.05,88.10,92.45,87.10,90.45,90.30,91.24,312746,2913,65050,20.80
17-Jul-2019,90.30,90.90,90.90,85.80,85.80,85.80,87.18,164090,2136,110188,67.15
18-Jul-2019,85.80,81.55,81.55,81.55,81.55,81.55,81.55,16757,287,16757,100.00
19-Jul-2019,81.55,77.50,77.50,77.50,77.50,77.50,77.50,18924,256,18924,100.00
22-Jul-2019,77.50,73.65,73.65,73.65,73.65,73.65,73.65,10337,187,10337,100.00
23-Jul-2019,73.65,70.00,77.30,70.00,77.30,77.30,75.22,258469,1722,101958,39.45
24-Jul-2019,77.30,79.85,81.15,73.45,73.45,73.45,76.94,421508,2063,223512,53.03
25-Jul-2019,73.45,69.80,70.50,69.80,69.80,69.80,69.84,121043,520,93682,77.40
26-Jul-2019,69.80,66.35,66.35,66.35,66.35,66.35,66.35,67142,412,67142,100.00
29-Jul-2019,66.35,63.05,68.65,63.05,63.05,63.05,63.96,255811,1414,116641,45.60
30-Jul-2019,63.05,59.90,59.90,59.90,59.90,59.90,59.90,38267,386,36733,95.99
31-Jul-2019,59.90,56.95,59.40,56.95,56.95,57.10,57.07,145870,910,115950,79.49
01-Aug-2019,57.10,54.25,54.25,54.25,54.25,54.25,54.25,38795,314,38795,100.00
02-Aug-2019,54.25,51.55,56.95,51.55,56.95,56.95,54.58,248255,2126,116506,46.93
05-Aug-2019,56.95,58.00,59.70,54.15,55.95,56.20,55.96,192560,2125,103567,53.78
06-Aug-2019,56.20,54.00,59.00,54.00,56.60,55.20,56.71,182642,2500,85125,46.61
07-Aug-2019,55.20,56.90,56.90,52.45,52.80,52.60,53.58,129197,1816,69632,53.90
08-Aug-2019,52.60,53.00,55.00,50.60,54.35,53.85,52.58,159956,2487,57636,36.03
09-Aug-2019,53.85,54.25,56.50,53.85,56.50,56.50,55.94,188998,1673,86500,45.77
13-Aug-2019,56.50,58.95,59.00,54.60,56.75,56.10,57.14,110082,1647,47526,43.17
14-Aug-2019,56.10,57.80,58.75,54.85,55.30,55.60,56.74,108972,1650,43848,40.24
16-Aug-2019,55.60,57.90,58.35,54.00,57.85,57.75,57.18,123482,1497,56688,45.91
19-Aug-2019,57.75,60.60,60.60,57.70,59.45,59.65,59.22,100739,1376,40041,39.75
20-Aug-2019,59.65,59.90,60.15,56.70,56.80,56.95,57.69,55232,797,31104,56.32
21-Aug-2019,56.95,54.25,56.35,54.15,54.50,54.25,54.52,87835,1052,53974,61.45
22-Aug-2019,54.25,54.25,55.35,51.55,51.55,51.60,52.13,79188,1048,46801,59.10
23-Aug-2019,51.60,49.50,52.70,49.05,50.15,50.45,50.43,108410,1552,51827,47.81
26-Aug-2019,50.45,52.90,52.95,50.60,52.95,52.95,52.09,86242,1205,37891,43.94
27-Aug-2019,52.95,54.40,55.55,54.05,55.55,55.55,55.42,25391,178,24375,96.00
28-Aug-2019,55.55,58.30,58.30,53.00,54.25,54.40,55.86,178941,1816,69238,38.69
29-Aug-2019,54.40,54.40,54.45,52.00,52.75,52.90,52.75,53733,787,21356,39.74
30-Aug-2019,52.90,53.20,54.45,50.30,51.70,52.20,52.20,88052,1156,42581,48.36
03-Sep-2019,52.20,52.20,54.80,49.60,54.80,54.80,53.16,289413,1953,180462,62.35
04-Sep-2019,54.80,55.75,56.75,52.10,53.15,53.15,53.65,161946,1750,69896,43.16
05-Sep-2019,53.15,54.00,54.70,52.70,54.00,53.90,53.58,50052,792,16025,32.02
06-Sep-2019,53.90,54.50,54.50,52.00,53.75,53.30,53.19,41283,568,14496,35.11
09-Sep-2019,53.30,53.80,55.95,53.00,55.95,55.95,55.64,103769,717,54753,52.76
11-Sep-2019,55.95,56.00,58.70,55.95,58.70,58.70,57.72,65519,502,47208,72.05
12-Sep-2019,58.70,61.60,61.60,61.60,61.60,61.60,61.60,13019,143,13019,100.00
13-Sep-2019,61.60,64.65,64.65,59.20,64.65,64.65,62.90,259614,2323,142697,54.97
16-Sep-2019,64.65,67.80,67.85,64.00,67.85,67.85,66.30,118612,1183,65819,55.49
17-Sep-2019,67.85,71.20,71.20,67.30,68.00,68.15,70.43,422001,3471,150558,35.68
18-Sep-2019,68.15,68.80,68.80,64.75,64.75,64.75,65.56,84634,846,61090,72.18
19-Sep-2019,64.75,64.60,64.60,61.55,61.55,61.55,61.84,44385,352,39359,88.68
20-Sep-2019,61.55,60.70,62.90,58.50,59.45,59.15,60.09,111523,1450,53357,47.84
23-Sep-2019,59.15,60.50,62.10,60.50,62.10,62.10,62.02,26760,214,25952,96.98
